,rebalance_date,ticker,weight
0,2021-03-31,TSLA,0.0
1,2021-03-31,AAPL,0.0
2,2021-03-31,AMZN,0.0
3,2021-03-31,NIO,0.0
4,2021-03-31,BABA,0.0
5,2021-03-31,MSFT,0.0
6,2021-03-31,META,0.02637859407332169
7,2021-03-31,NVDA,0.0
8,2021-03-31,AMD,0.0
9,2021-03-31,ZM,0.0
10,2021-03-31,GOOGL,0.03832247720867409
11,2021-03-31,GOOG,0.043821458894041675
12,2021-03-31,NFLX,0.0
13,2021-03-31,CRM,0.0
14,2021-03-31,INTC,0.04611728661978884
15,2021-03-31,XYZ,0.0
16,2021-03-31,PYPL,0.0
17,2021-03-31,DIS,0.0
18,2021-03-31,JPM,0.05405062342682521
19,2021-03-31,PLUG,0.0
20,2021-03-31,PFE,0.0
21,2021-03-31,PLTR,0.010199920507624463
22,2021-03-31,BAC,0.0665349068444818
23,2021-03-31,SHOP,0.0
24,2021-03-31,SNOW,0.0
25,2021-03-31,C,0.0
26,2021-03-31,XOM,0.07068112456873887
27,2021-03-31,MU,0.01082988890689961
28,2021-03-31,T,0.03980700850146391
29,2021-03-31,AAL,0.08879395971248297
30,2021-03-31,QCOM,0.0
31,2021-03-31,UBER,0.0
32,2021-03-31,TSM,0.0
33,2021-03-31,JD,0.0
34,2021-03-31,WFC,0.008350163483037947
35,2021-03-31,WMT,0.0
36,2021-03-31,SNAP,0.0
37,2021-03-31,VZ,0.0
38,2021-03-31,QS,0.0
39,2021-03-31,CCL,0.0
40,2021-03-31,CVX,0.017744565601353453
41,2021-03-31,CSCO,0.09747467261205359
42,2021-03-31,KO,0.0
43,2021-03-31,CMCSA,0.0
44,2021-03-31,PINS,0.0
45,2021-03-31,DKNG,0.009111149779764743
46,2021-03-31,DOCU,0.0
47,2021-03-31,UAL,0.0
48,2021-03-31,NKE,0.0
49,2021-03-31,MS,0.0
50,2021-04-30,TSLA,0.0
51,2021-04-30,AAPL,0.0
52,2021-04-30,AMZN,0.0
53,2021-04-30,NIO,0.0
54,2021-04-30,BABA,0.0
55,2021-04-30,MSFT,0.0101963662525512
56,2021-04-30,META,0.09368298684777727
57,2021-04-30,NVDA,0.0
58,2021-04-30,AMD,0.0
59,2021-04-30,ZM,0.0
60,2021-04-30,GOOGL,0.06757900609322301
61,2021-04-30,GOOG,0.1
62,2021-04-30,NFLX,0.0
63,2021-04-30,CRM,0.0
64,2021-04-30,INTC,0.0
65,2021-04-30,XYZ,0.005478234680450316
66,2021-04-30,PYPL,0.0
67,2021-04-30,DIS,0.0
68,2021-04-30,JPM,0.005685578867629962
69,2021-04-30,PLUG,0.0
70,2021-04-30,PFE,0.08076752400174919
71,2021-04-30,PLTR,0.0
72,2021-04-30,BAC,0.1
73,2021-04-30,SHOP,0.0
74,2021-04-30,SNOW,0.0
75,2021-04-30,C,0.0
76,2021-04-30,XOM,0.025810695988761744
77,2021-04-30,MU,0.0
78,2021-04-30,T,0.06316494387137252
79,2021-04-30,AAL,0.0
80,2021-04-30,QCOM,0.0
81,2021-04-30,UBER,0.0
82,2021-04-30,TSM,0.0
83,2021-04-30,JD,0.0
84,2021-04-30,WFC,0.1
85,2021-04-30,WMT,0.0
86,2021-04-30,SNAP,0.0
87,2021-04-30,VZ,0.004606129315206566
88,2021-04-30,QS,0.0
89,2021-04-30,CCL,0.09678346983635844
90,2021-04-30,CVX,0.01772543255557919
91,2021-04-30,CSCO,0.036274374639789345
92,2021-04-30,KO,0.1
93,2021-04-30,CMCSA,0.04831789672427875
94,2021-04-30,PINS,0.0
95,2021-04-30,DKNG,0.0
96,2021-04-30,DOCU,0.0
97,2021-04-30,UAL,0.0
98,2021-04-30,NKE,0.0
99,2021-04-30,MS,0.019441880798789616
100,2021-05-28,TSLA,0.0
101,2021-05-28,AAPL,0.0
102,2021-05-28,AMZN,0.0
103,2021-05-28,NIO,0.0
104,2021-05-28,BABA,0.0
105,2021-05-28,MSFT,0.0
106,2021-05-28,META,0.09887499545139097
107,2021-05-28,NVDA,0.025374379917286798
108,2021-05-28,AMD,0.0
109,2021-05-28,ZM,0.0
110,2021-05-28,GOOGL,0.01604507041029731
111,2021-05-28,GOOG,0.04614935775843391
112,2021-05-28,NFLX,0.0
113,2021-05-28,CRM,0.02518187580748646
114,2021-05-28,INTC,0.0
115,2021-05-28,XYZ,0.0
116,2021-05-28,PYPL,0.0
117,2021-05-28,DIS,0.0
118,2021-05-28,JPM,0.0
119,2021-05-28,PLUG,0.0
120,2021-05-28,PFE,0.1
121,2021-05-28,PLTR,0.0
122,2021-05-28,BAC,0.0824585621799387
123,2021-05-28,SHOP,0.0
124,2021-05-28,SNOW,0.0
125,2021-05-28,C,0.033151308829013716
126,2021-05-28,XOM,0.0
127,2021-05-28,MU,0.0
128,2021-05-28,T,0.034044876653966716
129,2021-05-28,AAL,0.0
130,2021-05-28,QCOM,0.0
131,2021-05-28,UBER,0.0
132,2021-05-28,TSM,0.0
133,2021-05-28,JD,0.0
134,2021-05-28,WFC,0.1
135,2021-05-28,WMT,0.045554637806109945
136,2021-05-28,SNAP,0.0
137,2021-05-28,VZ,0.0
138,2021-05-28,QS,0.0
139,2021-05-28,CCL,0.01284035774096054
140,2021-05-28,CVX,0.0
141,2021-05-28,CSCO,0.05036274465545571
142,2021-05-28,KO,0.0962249812813786
143,2021-05-28,CMCSA,0.0
144,2021-05-28,PINS,0.0
145,2021-05-28,DKNG,0.0
146,2021-05-28,DOCU,0.0
147,2021-05-28,UAL,0.0
148,2021-05-28,NKE,0.0
149,2021-05-28,MS,0.03839116670791481
150,2021-06-30,TSLA,0.0
151,2021-06-30,AAPL,0.0
152,2021-06-30,AMZN,0.0
153,2021-06-30,NIO,0.053673994573525674
154,2021-06-30,BABA,0.0
155,2021-06-30,MSFT,0.02072512438767751
156,2021-06-30,META,0.028394203164718496
157,2021-06-30,NVDA,0.1
158,2021-06-30,AMD,0.0
159,2021-06-30,ZM,0.0
160,2021-06-30,GOOGL,0.008835827749974452
161,2021-06-30,GOOG,0.05565186815179972
162,2021-06-30,NFLX,0.0
163,2021-06-30,CRM,0.0
164,2021-06-30,INTC,0.0
165,2021-06-30,XYZ,0.0
166,2021-06-30,PYPL,0.008005215899413531
167,2021-06-30,DIS,0.0
168,2021-06-30,JPM,0.0
169,2021-06-30,PLUG,0.0
170,2021-06-30,PFE,0.1
171,2021-06-30,PLTR,0.0
172,2021-06-30,BAC,0.0
173,2021-06-30,SHOP,0.05130815915512775
174,2021-06-30,SNOW,0.0
175,2021-06-30,C,0.0
176,2021-06-30,XOM,0.06456588700125458
177,2021-06-30,MU,0.0
178,2021-06-30,T,0.0
179,2021-06-30,AAL,0.0
180,2021-06-30,QCOM,0.0
181,2021-06-30,UBER,0.0
182,2021-06-30,TSM,0.0
183,2021-06-30,JD,0.0
184,2021-06-30,WFC,0.08873752390374713
185,2021-06-30,WMT,0.0161118650631462
186,2021-06-30,SNAP,0.0023615840522520862
187,2021-06-30,VZ,0.0
188,2021-06-30,QS,0.0
189,2021-06-30,CCL,0.0
190,2021-06-30,CVX,0.0
191,2021-06-30,CSCO,0.0
192,2021-06-30,KO,0.01271610055923368
193,2021-06-30,CMCSA,0.0
194,2021-06-30,PINS,0.0
195,2021-06-30,DKNG,0.0
196,2021-06-30,DOCU,0.046747859120311035
197,2021-06-30,UAL,0.0
198,2021-06-30,NKE,0.04769220518778642
199,2021-06-30,MS,0.06419720642056215
200,2021-07-30,TSLA,0.0
201,2021-07-30,AAPL,0.0071354016992663995
202,2021-07-30,AMZN,0.0
203,2021-07-30,NIO,0.0
204,2021-07-30,BABA,0.0
205,2021-07-30,MSFT,0.025775550590374095
206,2021-07-30,META,0.0
207,2021-07-30,NVDA,0.054896700966391494
208,2021-07-30,AMD,0.09484151191817375
209,2021-07-30,ZM,0.0
210,2021-07-30,GOOGL,0.010851470285660811
211,2021-07-30,GOOG,0.010571937537764154
212,2021-07-30,NFLX,0.0
213,2021-07-30,CRM,0.0
214,2021-07-30,INTC,0.0
215,2021-07-30,XYZ,0.0
216,2021-07-30,PYPL,0.0
217,2021-07-30,DIS,0.0
218,2021-07-30,JPM,0.0
219,2021-07-30,PLUG,0.0
220,2021-07-30,PFE,0.1
221,2021-07-30,PLTR,0.0
222,2021-07-30,BAC,0.0
223,2021-07-30,SHOP,0.0828158149899076
224,2021-07-30,SNOW,0.0
225,2021-07-30,C,0.0
226,2021-07-30,XOM,0.0
227,2021-07-30,MU,0.0
228,2021-07-30,T,0.0
229,2021-07-30,AAL,0.0
230,2021-07-30,QCOM,0.0
231,2021-07-30,UBER,0.0
232,2021-07-30,TSM,0.0
233,2021-07-30,JD,0.0
234,2021-07-30,WFC,0.0
235,2021-07-30,WMT,0.0
236,2021-07-30,SNAP,0.0
237,2021-07-30,VZ,0.0
238,2021-07-30,QS,0.0
239,2021-07-30,CCL,0.0
240,2021-07-30,CVX,0.0
241,2021-07-30,CSCO,0.04375598177877476
242,2021-07-30,KO,0.062326696369496615
243,2021-07-30,CMCSA,0.0
244,2021-07-30,PINS,0.0
245,2021-07-30,DKNG,0.0
246,2021-07-30,DOCU,0.05082420760760028
247,2021-07-30,UAL,0.0
248,2021-07-30,NKE,0.1
249,2021-07-30,MS,0.09331097540726427
250,2021-08-31,TSLA,0.01719782978242062
251,2021-08-31,AAPL,0.07625893802823247
252,2021-08-31,AMZN,0.0
253,2021-08-31,NIO,0.0
254,2021-08-31,BABA,0.0
255,2021-08-31,MSFT,0.1
256,2021-08-31,META,0.0
257,2021-08-31,NVDA,0.05299821436274719
258,2021-08-31,AMD,0.07364649298717896
259,2021-08-31,ZM,0.0
260,2021-08-31,GOOGL,0.062196767960645195
261,2021-08-31,GOOG,0.08211170264395702
262,2021-08-31,NFLX,0.05404301314022522
263,2021-08-31,CRM,0.0
264,2021-08-31,INTC,0.0
265,2021-08-31,XYZ,0.0
266,2021-08-31,PYPL,0.0
267,2021-08-31,DIS,0.0
268,2021-08-31,JPM,0.0
269,2021-08-31,PLUG,0.0
270,2021-08-31,PFE,0.09951643371184071
271,2021-08-31,PLTR,0.0
272,2021-08-31,BAC,0.0
273,2021-08-31,SHOP,0.03466285628264294
274,2021-08-31,SNOW,0.07318644481169832
275,2021-08-31,C,0.0
276,2021-08-31,XOM,0.0
277,2021-08-31,MU,0.0
278,2021-08-31,T,0.0
279,2021-08-31,AAL,0.0
280,2021-08-31,QCOM,0.0
281,2021-08-31,UBER,0.0
282,2021-08-31,TSM,0.0
283,2021-08-31,JD,0.0
284,2021-08-31,WFC,0.0
285,2021-08-31,WMT,0.0032089919131722223
286,2021-08-31,SNAP,0.0
287,2021-08-31,VZ,0.0
288,2021-08-31,QS,0.0
289,2021-08-31,CCL,0.0
290,2021-08-31,CVX,0.0
291,2021-08-31,CSCO,0.03940249943776849
292,2021-08-31,KO,0.0
293,2021-08-31,CMCSA,0.001387218998080576
294,2021-08-31,PINS,0.0
295,2021-08-31,DKNG,0.0
296,2021-08-31,DOCU,0.0784297922618568
297,2021-08-31,UAL,0.0
298,2021-08-31,NKE,0.09008081296119062
299,2021-08-31,MS,0.06167199071640804
300,2021-09-30,TSLA,0.06544281253976186
301,2021-09-30,AAPL,0.0
302,2021-09-30,AMZN,0.0
303,2021-09-30,NIO,0.0
304,2021-09-30,BABA,0.0
305,2021-09-30,MSFT,0.0013048372848450476
306,2021-09-30,META,0.0
307,2021-09-30,NVDA,0.0
308,2021-09-30,AMD,0.013780013696946028
309,2021-09-30,ZM,0.0
310,2021-09-30,GOOGL,0.0399336034280925
311,2021-09-30,GOOG,0.0049696079573646225
312,2021-09-30,NFLX,0.1
313,2021-09-30,CRM,0.04301291151561408
314,2021-09-30,INTC,0.0
315,2021-09-30,XYZ,0.0
316,2021-09-30,PYPL,0.0
317,2021-09-30,DIS,0.0
318,2021-09-30,JPM,0.0005103525722200174
319,2021-09-30,PLUG,0.0
320,2021-09-30,PFE,0.06394321927889404
321,2021-09-30,PLTR,0.0
322,2021-09-30,BAC,0.0
323,2021-09-30,SHOP,0.0
324,2021-09-30,SNOW,0.1
325,2021-09-30,C,0.0
326,2021-09-30,XOM,0.0
327,2021-09-30,MU,0.0
328,2021-09-30,T,0.0
329,2021-09-30,AAL,0.0
330,2021-09-30,QCOM,0.0
331,2021-09-30,UBER,0.0
332,2021-09-30,TSM,0.0
333,2021-09-30,JD,0.0
334,2021-09-30,WFC,0.0
335,2021-09-30,WMT,0.0
336,2021-09-30,SNAP,0.0
337,2021-09-30,VZ,0.0
338,2021-09-30,QS,0.0
339,2021-09-30,CCL,0.0
340,2021-09-30,CVX,0.0
341,2021-09-30,CSCO,0.0
342,2021-09-30,KO,0.0
343,2021-09-30,CMCSA,0.0
344,2021-09-30,PINS,0.0
345,2021-09-30,DKNG,0.0
346,2021-09-30,DOCU,0.0
347,2021-09-30,UAL,0.0
348,2021-09-30,NKE,0.0
349,2021-09-30,MS,0.011112145585091774
350,2021-10-29,TSLA,0.1
351,2021-10-29,AAPL,0.0
352,2021-10-29,AMZN,0.0
353,2021-10-29,NIO,0.0
354,2021-10-29,BABA,0.0
355,2021-10-29,MSFT,0.0758611591752172
356,2021-10-29,META,0.0
357,2021-10-29,NVDA,0.03404262094898247
358,2021-10-29,AMD,0.0
359,2021-10-29,ZM,0.0
360,2021-10-29,GOOGL,0.0
361,2021-10-29,GOOG,0.0
362,2021-10-29,NFLX,0.1
363,2021-10-29,CRM,0.1
364,2021-10-29,INTC,0.0
365,2021-10-29,XYZ,0.0
366,2021-10-29,PYPL,0.0
367,2021-10-29,DIS,0.0
368,2021-10-29,JPM,0.028192134696222563
369,2021-10-29,PLUG,0.051625248642180335
370,2021-10-29,PFE,0.0
371,2021-10-29,PLTR,0.0
372,2021-10-29,BAC,0.1
373,2021-10-29,SHOP,0.0
374,2021-10-29,SNOW,0.08532981832644962
375,2021-10-29,C,0.0
376,2021-10-29,XOM,0.021757588295344323
377,2021-10-29,MU,0.0
378,2021-10-29,T,0.0
379,2021-10-29,AAL,0.0
380,2021-10-29,QCOM,0.0
381,2021-10-29,UBER,0.0
382,2021-10-29,TSM,0.0
383,2021-10-29,JD,0.0
384,2021-10-29,WFC,0.005198928839356094
385,2021-10-29,WMT,0.018431392263181703
386,2021-10-29,SNAP,0.0
387,2021-10-29,VZ,0.0
388,2021-10-29,QS,0.0
389,2021-10-29,CCL,0.0
390,2021-10-29,CVX,0.03983586648010348
391,2021-10-29,CSCO,0.0
392,2021-10-29,KO,0.0
393,2021-10-29,CMCSA,0.0
394,2021-10-29,PINS,0.0
395,2021-10-29,DKNG,0.0
396,2021-10-29,DOCU,0.0
397,2021-10-29,UAL,0.0
398,2021-10-29,NKE,0.0
399,2021-10-29,MS,0.0
400,2021-11-30,TSLA,0.1
401,2021-11-30,AAPL,0.0
402,2021-11-30,AMZN,0.0
403,2021-11-30,NIO,0.0
404,2021-11-30,BABA,0.0
405,2021-11-30,MSFT,0.0
406,2021-11-30,META,0.0
407,2021-11-30,NVDA,0.08264196969816258
408,2021-11-30,AMD,0.07818938295193507
409,2021-11-30,ZM,0.0
410,2021-11-30,GOOGL,0.0
411,2021-11-30,GOOG,0.0
412,2021-11-30,NFLX,0.0599706026293057
413,2021-11-30,CRM,0.0
414,2021-11-30,INTC,0.0
415,2021-11-30,XYZ,0.0
416,2021-11-30,PYPL,0.0
417,2021-11-30,DIS,0.0
418,2021-11-30,JPM,0.0
419,2021-11-30,PLUG,0.0414932930966378
420,2021-11-30,PFE,0.1
421,2021-11-30,PLTR,0.0
422,2021-11-30,BAC,0.0
423,2021-11-30,SHOP,0.0
424,2021-11-30,SNOW,0.0
425,2021-11-30,C,0.0
426,2021-11-30,XOM,0.029757529288556857
427,2021-11-30,MU,0.0
428,2021-11-30,T,0.0
429,2021-11-30,AAL,0.0
430,2021-11-30,QCOM,0.012294533507007356
431,2021-11-30,UBER,0.0
432,2021-11-30,TSM,0.0
433,2021-11-30,JD,0.0
434,2021-11-30,WFC,0.0
435,2021-11-30,WMT,0.0
436,2021-11-30,SNAP,0.0
437,2021-11-30,VZ,0.0
438,2021-11-30,QS,0.0
439,2021-11-30,CCL,0.0
440,2021-11-30,CVX,0.1
441,2021-11-30,CSCO,0.0
442,2021-11-30,KO,0.0
443,2021-11-30,CMCSA,0.0
444,2021-11-30,PINS,0.0
445,2021-11-30,DKNG,0.0
446,2021-11-30,DOCU,0.0
447,2021-11-30,UAL,0.0
448,2021-11-30,NKE,0.0
449,2021-11-30,MS,0.0
450,2021-12-31,TSLA,0.051106474620347266
451,2021-12-31,AAPL,0.09304733789685402
452,2021-12-31,AMZN,0.0
453,2021-12-31,NIO,0.0
454,2021-12-31,BABA,0.0
455,2021-12-31,MSFT,0.0130652344634389
456,2021-12-31,META,0.0
457,2021-12-31,NVDA,0.0
458,2021-12-31,AMD,0.03482694576002299
459,2021-12-31,ZM,0.0
460,2021-12-31,GOOGL,0.0
461,2021-12-31,GOOG,0.0
462,2021-12-31,NFLX,0.0
463,2021-12-31,CRM,0.0
464,2021-12-31,INTC,0.0
465,2021-12-31,XYZ,0.0
466,2021-12-31,PYPL,0.0
467,2021-12-31,DIS,0.0
468,2021-12-31,JPM,0.0
469,2021-12-31,PLUG,0.0
470,2021-12-31,PFE,0.1
471,2021-12-31,PLTR,0.0
472,2021-12-31,BAC,0.0
473,2021-12-31,SHOP,0.0
474,2021-12-31,SNOW,0.0
475,2021-12-31,C,0.0
476,2021-12-31,XOM,0.0
477,2021-12-31,MU,0.06764098289843724
478,2021-12-31,T,0.0
479,2021-12-31,AAL,0.0
480,2021-12-31,QCOM,0.0879379112584933
481,2021-12-31,UBER,0.0
482,2021-12-31,TSM,0.0
483,2021-12-31,JD,0.0
484,2021-12-31,WFC,0.0
485,2021-12-31,WMT,0.028716003850651678
486,2021-12-31,SNAP,0.0
487,2021-12-31,VZ,0.0
488,2021-12-31,QS,0.0
489,2021-12-31,CCL,0.0
490,2021-12-31,CVX,0.08625056225502009
491,2021-12-31,CSCO,0.07787163062663612
492,2021-12-31,KO,0.1
493,2021-12-31,CMCSA,0.0
494,2021-12-31,PINS,0.0
495,2021-12-31,DKNG,0.0
496,2021-12-31,DOCU,0.0
497,2021-12-31,UAL,0.0
498,2021-12-31,NKE,0.021565700718652343
499,2021-12-31,MS,0.0
500,2022-01-31,TSLA,0.0
501,2022-01-31,AAPL,0.1
502,2022-01-31,NVDA,0.0
503,2022-01-31,AMZN,0.0
504,2022-01-31,MSFT,0.0
505,2022-01-31,AMD,0.0
506,2022-01-31,META,0.0
507,2022-01-31,GOOGL,0.0
508,2022-01-31,GOOG,0.0
509,2022-01-31,BABA,0.0
510,2022-01-31,PYPL,0.0
511,2022-01-31,NFLX,0.0
512,2022-01-31,RIVN,0.0
513,2022-01-31,PFE,0.1
514,2022-01-31,F,0.0
515,2022-01-31,BAC,0.0
516,2022-01-31,RBLX,0.0
517,2022-01-31,DIS,0.0
518,2022-01-31,JPM,0.0
519,2022-01-31,QCOM,0.005803699546438615
520,2022-01-31,SHOP,0.0
521,2022-01-31,XYZ,0.0
522,2022-01-31,INTC,0.0
523,2022-01-31,MU,0.04938150836656458
524,2022-01-31,NIO,0.0
525,2022-01-31,CRM,0.0
526,2022-01-31,C,0.0
527,2022-01-31,XOM,0.1
528,2022-01-31,AVGO,0.0
529,2022-01-31,T,0.013450513595944305
530,2022-01-31,WFC,0.0
531,2022-01-31,CVX,0.1
532,2022-01-31,TSM,0.0
533,2022-01-31,COIN,0.0
534,2022-01-31,CSCO,0.0
535,2022-01-31,WMT,0.0
536,2022-01-31,UBER,0.0
537,2022-01-31,SNOW,0.0
538,2022-01-31,VZ,0.014782026469270914
539,2022-01-31,AFRM,0.0
540,2022-01-31,INTU,0.0
541,2022-01-31,MRK,0.0
542,2022-01-31,CMCSA,0.0
543,2022-01-31,MS,0.0
544,2022-01-31,KO,0.06772962130449567
545,2022-01-31,NKE,0.0
546,2022-01-31,LRCX,0.0
547,2022-01-31,NOW,0.0
548,2022-01-31,ZM,0.0
549,2022-01-31,DOCU,0.0
550,2022-02-28,TSLA,0.0
551,2022-02-28,AAPL,0.019069175450543194
552,2022-02-28,NVDA,0.0
553,2022-02-28,AMZN,0.0
554,2022-02-28,MSFT,0.0
555,2022-02-28,AMD,0.0
556,2022-02-28,META,0.0
557,2022-02-28,GOOGL,0.0
558,2022-02-28,GOOG,0.0
559,2022-02-28,BABA,0.0
560,2022-02-28,PYPL,0.0
561,2022-02-28,NFLX,0.0
562,2022-02-28,RIVN,0.0
563,2022-02-28,PFE,0.0
564,2022-02-28,F,0.0
565,2022-02-28,BAC,0.0
566,2022-02-28,RBLX,0.0
567,2022-02-28,DIS,0.0
568,2022-02-28,JPM,0.0
569,2022-02-28,QCOM,0.0
570,2022-02-28,SHOP,0.0
571,2022-02-28,XYZ,0.0
572,2022-02-28,INTC,0.0
573,2022-02-28,MU,0.016480433244512312
574,2022-02-28,NIO,0.0
575,2022-02-28,CRM,0.0
576,2022-02-28,C,0.0
577,2022-02-28,XOM,0.1
578,2022-02-28,AVGO,0.027726529916822992
579,2022-02-28,T,0.0
580,2022-02-28,WFC,0.0
581,2022-02-28,CVX,0.1
582,2022-02-28,TSM,0.0
583,2022-02-28,COIN,0.0
584,2022-02-28,CSCO,0.0
585,2022-02-28,WMT,0.0
586,2022-02-28,UBER,0.0
587,2022-02-28,SNOW,0.0
588,2022-02-28,VZ,0.024484227074150225
589,2022-02-28,AFRM,0.0
590,2022-02-28,INTU,0.0
591,2022-02-28,MRK,0.0
592,2022-02-28,CMCSA,0.0
593,2022-02-28,MS,0.0
594,2022-02-28,KO,0.1
595,2022-02-28,NKE,0.0
596,2022-02-28,LRCX,0.0
597,2022-02-28,NOW,0.0
598,2022-02-28,ZM,0.0
599,2022-02-28,DOCU,0.0
600,2022-03-31,TSLA,0.02056549990462014
601,2022-03-31,AAPL,0.0
602,2022-03-31,NVDA,0.0
603,2022-03-31,AMZN,0.0
604,2022-03-31,MSFT,0.0
605,2022-03-31,AMD,0.0
606,2022-03-31,META,0.0
607,2022-03-31,GOOGL,0.0
608,2022-03-31,GOOG,0.0
609,2022-03-31,BABA,0.0
610,2022-03-31,PYPL,0.0
611,2022-03-31,NFLX,0.0
612,2022-03-31,RIVN,0.0
613,2022-03-31,PFE,0.0
614,2022-03-31,F,0.0
615,2022-03-31,BAC,0.0
616,2022-03-31,RBLX,0.0
617,2022-03-31,DIS,0.0
618,2022-03-31,JPM,0.0
619,2022-03-31,QCOM,0.0
620,2022-03-31,SHOP,0.0
621,2022-03-31,XYZ,0.0
622,2022-03-31,INTC,0.0
623,2022-03-31,MU,0.0
624,2022-03-31,NIO,0.0
625,2022-03-31,CRM,0.0
626,2022-03-31,C,0.0
627,2022-03-31,XOM,0.1
628,2022-03-31,AVGO,0.0
629,2022-03-31,T,0.0
630,2022-03-31,WFC,0.0
631,2022-03-31,CVX,0.1
632,2022-03-31,TSM,0.0
633,2022-03-31,COIN,0.0
634,2022-03-31,CSCO,0.0
635,2022-03-31,WMT,0.04741311414548613
636,2022-03-31,UBER,0.0
637,2022-03-31,SNOW,0.0
638,2022-03-31,VZ,0.0
639,2022-03-31,AFRM,0.0
640,2022-03-31,INTU,0.0
641,2022-03-31,MRK,0.04381758275912057
642,2022-03-31,CMCSA,0.0
643,2022-03-31,MS,0.0
644,2022-03-31,KO,0.08579137853345013
645,2022-03-31,NKE,0.0
646,2022-03-31,LRCX,0.0
647,2022-03-31,NOW,0.0
648,2022-03-31,ZM,0.0
649,2022-03-31,DOCU,0.0
650,2022-04-29,TSLA,0.017342983528662287
651,2022-04-29,AAPL,0.0
652,2022-04-29,NVDA,0.0
653,2022-04-29,AMZN,0.0
654,2022-04-29,MSFT,0.0
655,2022-04-29,AMD,0.0
656,2022-04-29,META,0.0
657,2022-04-29,GOOGL,0.0
658,2022-04-29,GOOG,0.0
659,2022-04-29,BABA,0.0
660,2022-04-29,PYPL,0.0
661,2022-04-29,NFLX,0.0
662,2022-04-29,RIVN,0.0
663,2022-04-29,PFE,0.0
664,2022-04-29,F,0.0
665,2022-04-29,BAC,0.0
666,2022-04-29,RBLX,0.0
667,2022-04-29,DIS,0.0
668,2022-04-29,JPM,0.0
669,2022-04-29,QCOM,0.0
670,2022-04-29,SHOP,0.0
671,2022-04-29,XYZ,0.0
672,2022-04-29,INTC,0.0
673,2022-04-29,MU,0.0
674,2022-04-29,NIO,0.0
675,2022-04-29,CRM,0.0
676,2022-04-29,C,0.0
677,2022-04-29,XOM,0.030677489161990534
678,2022-04-29,AVGO,0.0
679,2022-04-29,T,0.0
680,2022-04-29,WFC,0.0
681,2022-04-29,CVX,0.1
682,2022-04-29,TSM,0.0
683,2022-04-29,COIN,0.0
684,2022-04-29,CSCO,0.0
685,2022-04-29,WMT,0.0814556599393229
686,2022-04-29,UBER,0.0
687,2022-04-29,SNOW,0.0
688,2022-04-29,VZ,0.0
689,2022-04-29,AFRM,0.0
690,2022-04-29,INTU,0.0
691,2022-04-29,MRK,0.05702038425516998
692,2022-04-29,CMCSA,0.0
693,2022-04-29,MS,0.0
694,2022-04-29,KO,0.06034791390409301
695,2022-04-29,NKE,0.0
696,2022-04-29,LRCX,0.0
697,2022-04-29,NOW,0.0
698,2022-04-29,ZM,0.0
699,2022-04-29,DOCU,0.0
700,2022-05-31,TSLA,0.0
701,2022-05-31,AAPL,0.0
702,2022-05-31,NVDA,0.0
703,2022-05-31,AMZN,0.0
704,2022-05-31,MSFT,0.0
705,2022-05-31,AMD,0.0
706,2022-05-31,META,0.0
707,2022-05-31,GOOGL,0.0
708,2022-05-31,GOOG,0.0
709,2022-05-31,BABA,0.002222927025202756
710,2022-05-31,PYPL,0.0
711,2022-05-31,NFLX,0.0
712,2022-05-31,RIVN,0.0
713,2022-05-31,PFE,0.08277062031260458
714,2022-05-31,F,0.0
715,2022-05-31,BAC,0.0
716,2022-05-31,RBLX,0.0
717,2022-05-31,DIS,0.0
718,2022-05-31,JPM,0.0
719,2022-05-31,QCOM,0.0
720,2022-05-31,SHOP,0.0
721,2022-05-31,XYZ,0.0
722,2022-05-31,INTC,0.0
723,2022-05-31,MU,0.0
724,2022-05-31,NIO,0.0
725,2022-05-31,CRM,0.0
726,2022-05-31,C,0.0
727,2022-05-31,XOM,0.07043116413958603
728,2022-05-31,AVGO,0.0
729,2022-05-31,T,0.1
730,2022-05-31,WFC,0.0
731,2022-05-31,CVX,0.0325729221801672
732,2022-05-31,TSM,0.0
733,2022-05-31,COIN,0.0
734,2022-05-31,CSCO,0.0
735,2022-05-31,WMT,0.0
736,2022-05-31,UBER,0.0
737,2022-05-31,SNOW,0.0
738,2022-05-31,VZ,0.0
739,2022-05-31,AFRM,0.0
740,2022-05-31,INTU,0.0
741,2022-05-31,MRK,0.1
742,2022-05-31,CMCSA,0.0
743,2022-05-31,MS,0.0
744,2022-05-31,KO,0.0
745,2022-05-31,NKE,0.0
746,2022-05-31,LRCX,0.0
747,2022-05-31,NOW,0.0
748,2022-05-31,ZM,0.0
749,2022-05-31,DOCU,0.0
750,2022-06-30,TSLA,0.0
751,2022-06-30,AAPL,0.0
752,2022-06-30,NVDA,0.0
753,2022-06-30,AMZN,0.0
754,2022-06-30,MSFT,0.0
755,2022-06-30,AMD,0.0
756,2022-06-30,META,0.0
757,2022-06-30,GOOGL,0.0
758,2022-06-30,GOOG,0.0
759,2022-06-30,BABA,0.0
760,2022-06-30,PYPL,0.0
761,2022-06-30,NFLX,0.0
762,2022-06-30,RIVN,0.0
763,2022-06-30,PFE,0.0
764,2022-06-30,F,0.0
765,2022-06-30,BAC,0.0
766,2022-06-30,RBLX,0.0
767,2022-06-30,DIS,0.0
768,2022-06-30,JPM,0.0
769,2022-06-30,QCOM,0.0
770,2022-06-30,SHOP,0.0
771,2022-06-30,XYZ,0.0
772,2022-06-30,INTC,0.0
773,2022-06-30,MU,0.0
774,2022-06-30,NIO,0.0
775,2022-06-30,CRM,0.0
776,2022-06-30,C,0.0
777,2022-06-30,XOM,0.002000457831049163
778,2022-06-30,AVGO,0.0
779,2022-06-30,T,0.09695162014717193
780,2022-06-30,WFC,0.0
781,2022-06-30,CVX,0.0
782,2022-06-30,TSM,0.0
783,2022-06-30,COIN,0.0
784,2022-06-30,CSCO,0.0
785,2022-06-30,WMT,0.0
786,2022-06-30,UBER,0.0
787,2022-06-30,SNOW,0.0
788,2022-06-30,VZ,0.0
789,2022-06-30,AFRM,0.0
790,2022-06-30,INTU,0.0
791,2022-06-30,MRK,0.07983026205371173
792,2022-06-30,CMCSA,0.0
793,2022-06-30,MS,0.0
794,2022-06-30,KO,0.0
795,2022-06-30,NKE,0.0
796,2022-06-30,LRCX,0.0
797,2022-06-30,NOW,0.0
798,2022-06-30,ZM,0.0
799,2022-06-30,DOCU,0.0
800,2022-07-29,TSLA,0.0
801,2022-07-29,AAPL,0.0
802,2022-07-29,NVDA,0.0
803,2022-07-29,AMZN,0.0
804,2022-07-29,MSFT,0.0
805,2022-07-29,AMD,0.0
806,2022-07-29,META,0.0
807,2022-07-29,GOOGL,0.0
808,2022-07-29,GOOG,0.0
809,2022-07-29,BABA,0.0
810,2022-07-29,PYPL,0.0
811,2022-07-29,NFLX,0.0
812,2022-07-29,RIVN,0.0
813,2022-07-29,PFE,0.0
814,2022-07-29,F,0.0
815,2022-07-29,BAC,0.0
816,2022-07-29,RBLX,0.029258889125201047
817,2022-07-29,DIS,0.0
818,2022-07-29,JPM,0.0
819,2022-07-29,QCOM,0.0
820,2022-07-29,SHOP,0.0
821,2022-07-29,XYZ,0.0
822,2022-07-29,INTC,0.0
823,2022-07-29,MU,0.0
824,2022-07-29,NIO,0.0029553785140484477
825,2022-07-29,CRM,0.0
826,2022-07-29,C,0.0
827,2022-07-29,XOM,0.04476652567420149
828,2022-07-29,AVGO,0.0
829,2022-07-29,T,0.0
830,2022-07-29,WFC,0.0
831,2022-07-29,CVX,0.0
832,2022-07-29,TSM,0.0
833,2022-07-29,COIN,0.0
834,2022-07-29,CSCO,0.0
835,2022-07-29,WMT,0.0
836,2022-07-29,UBER,0.0
837,2022-07-29,SNOW,0.0
838,2022-07-29,VZ,0.0
839,2022-07-29,AFRM,0.0
840,2022-07-29,INTU,0.0
841,2022-07-29,MRK,0.004024093662438869
842,2022-07-29,CMCSA,0.0
843,2022-07-29,MS,0.0
844,2022-07-29,KO,0.0
845,2022-07-29,NKE,0.0
846,2022-07-29,LRCX,0.0
847,2022-07-29,NOW,0.0
848,2022-07-29,ZM,0.0
849,2022-07-29,DOCU,0.0
850,2022-08-31,TSLA,0.0
851,2022-08-31,AAPL,0.0
852,2022-08-31,NVDA,0.0
853,2022-08-31,AMZN,0.0
854,2022-08-31,MSFT,0.0
855,2022-08-31,AMD,0.0
856,2022-08-31,META,0.0
857,2022-08-31,GOOGL,0.0
858,2022-08-31,GOOG,0.0
859,2022-08-31,BABA,0.0
860,2022-08-31,PYPL,0.0
861,2022-08-31,NFLX,0.0
862,2022-08-31,RIVN,0.0
863,2022-08-31,PFE,0.0
864,2022-08-31,F,0.000838023446790805
865,2022-08-31,BAC,0.0
866,2022-08-31,RBLX,0.01808244551447716
867,2022-08-31,DIS,0.0
868,2022-08-31,JPM,0.0
869,2022-08-31,QCOM,0.0
870,2022-08-31,SHOP,0.0
871,2022-08-31,XYZ,0.0
872,2022-08-31,INTC,0.0
873,2022-08-31,MU,0.0
874,2022-08-31,NIO,0.0
875,2022-08-31,CRM,0.0
876,2022-08-31,C,0.0
877,2022-08-31,XOM,0.0
878,2022-08-31,AVGO,0.0
879,2022-08-31,T,0.0
880,2022-08-31,WFC,0.0
881,2022-08-31,CVX,0.0
882,2022-08-31,TSM,0.0
883,2022-08-31,COIN,0.0
884,2022-08-31,CSCO,0.0
885,2022-08-31,WMT,0.01706458485998067
886,2022-08-31,UBER,0.015288640099683079
887,2022-08-31,SNOW,0.038976646429945486
888,2022-08-31,VZ,0.0
889,2022-08-31,AFRM,0.0
890,2022-08-31,INTU,0.0
891,2022-08-31,MRK,0.0
892,2022-08-31,CMCSA,0.0
893,2022-08-31,MS,0.0
894,2022-08-31,KO,0.0
895,2022-08-31,NKE,0.0
896,2022-08-31,LRCX,0.0
897,2022-08-31,NOW,0.0
898,2022-08-31,ZM,0.0
899,2022-08-31,DOCU,0.0
900,2022-09-30,TSLA,0.0
901,2022-09-30,AAPL,0.0
902,2022-09-30,NVDA,0.0
903,2022-09-30,AMZN,0.0
904,2022-09-30,MSFT,0.0
905,2022-09-30,AMD,0.0
906,2022-09-30,META,0.0
907,2022-09-30,GOOGL,0.0
908,2022-09-30,GOOG,0.0
909,2022-09-30,BABA,0.0
910,2022-09-30,PYPL,0.0
911,2022-09-30,NFLX,0.06690208069390582
912,2022-09-30,RIVN,0.0494840293346284
913,2022-09-30,PFE,0.0
914,2022-09-30,F,0.0
915,2022-09-30,BAC,0.0
916,2022-09-30,RBLX,0.0
917,2022-09-30,DIS,0.0
918,2022-09-30,JPM,0.0
919,2022-09-30,QCOM,0.0
920,2022-09-30,SHOP,0.0
921,2022-09-30,XYZ,0.0
922,2022-09-30,INTC,0.0
923,2022-09-30,MU,0.0
924,2022-09-30,NIO,0.0
925,2022-09-30,CRM,0.0
926,2022-09-30,C,0.0
927,2022-09-30,XOM,0.0
928,2022-09-30,AVGO,0.0
929,2022-09-30,T,0.0
930,2022-09-30,WFC,0.0
931,2022-09-30,CVX,0.0
932,2022-09-30,TSM,0.0
933,2022-09-30,COIN,0.0
934,2022-09-30,CSCO,0.0
935,2022-09-30,WMT,0.006046193451791696
936,2022-09-30,UBER,0.021542736073098902
937,2022-09-30,SNOW,0.0
938,2022-09-30,VZ,0.0
939,2022-09-30,AFRM,0.0
940,2022-09-30,INTU,0.0
941,2022-09-30,MRK,0.0
942,2022-09-30,CMCSA,0.0
943,2022-09-30,MS,0.0
944,2022-09-30,KO,0.0
945,2022-09-30,NKE,0.0
946,2022-09-30,LRCX,0.0
947,2022-09-30,NOW,0.0
948,2022-09-30,ZM,0.0
949,2022-09-30,DOCU,0.0
950,2022-10-31,TSLA,0.0
951,2022-10-31,AAPL,0.0
952,2022-10-31,NVDA,0.0
953,2022-10-31,AMZN,0.0
954,2022-10-31,MSFT,0.0
955,2022-10-31,AMD,0.0
956,2022-10-31,META,0.0
957,2022-10-31,GOOGL,0.0
958,2022-10-31,GOOG,0.0
959,2022-10-31,BABA,0.0
960,2022-10-31,PYPL,0.0
961,2022-10-31,NFLX,0.05566959802946655
962,2022-10-31,RIVN,0.0
963,2022-10-31,PFE,0.0
964,2022-10-31,F,0.0
965,2022-10-31,BAC,0.0
966,2022-10-31,RBLX,0.0
967,2022-10-31,DIS,0.0
968,2022-10-31,JPM,0.009843372109142691
969,2022-10-31,QCOM,0.0
970,2022-10-31,SHOP,0.0
971,2022-10-31,XYZ,0.0
972,2022-10-31,INTC,0.0
973,2022-10-31,MU,0.0
974,2022-10-31,NIO,0.0
975,2022-10-31,CRM,0.0
976,2022-10-31,C,0.0
977,2022-10-31,XOM,0.06262777540668038
978,2022-10-31,AVGO,0.0
979,2022-10-31,T,0.0
980,2022-10-31,WFC,0.0
981,2022-10-31,CVX,0.016497657858762355
982,2022-10-31,TSM,0.0
983,2022-10-31,COIN,0.0
984,2022-10-31,CSCO,0.0
985,2022-10-31,WMT,0.014476062437584687
986,2022-10-31,UBER,0.0
987,2022-10-31,SNOW,0.0
988,2022-10-31,VZ,0.0
989,2022-10-31,AFRM,0.0
990,2022-10-31,INTU,0.0
991,2022-10-31,MRK,0.1
992,2022-10-31,CMCSA,0.0
993,2022-10-31,MS,0.0
994,2022-10-31,KO,0.0
995,2022-10-31,NKE,0.0
996,2022-10-31,LRCX,0.0
997,2022-10-31,NOW,0.0
998,2022-10-31,ZM,0.0
999,2022-10-31,DOCU,0.0
1000,2022-11-30,TSLA,0.0
1001,2022-11-30,AAPL,0.0
1002,2022-11-30,NVDA,0.0
1003,2022-11-30,AMZN,0.0
1004,2022-11-30,MSFT,0.0
1005,2022-11-30,AMD,0.0
1006,2022-11-30,META,0.0
1007,2022-11-30,GOOGL,0.0
1008,2022-11-30,GOOG,0.0
1009,2022-11-30,BABA,0.0
1010,2022-11-30,PYPL,0.0
1011,2022-11-30,NFLX,0.04207008824972962
1012,2022-11-30,RIVN,0.0
1013,2022-11-30,PFE,0.013247774285784351
1014,2022-11-30,F,0.0
1015,2022-11-30,BAC,0.0
1016,2022-11-30,RBLX,0.0
1017,2022-11-30,DIS,0.0
1018,2022-11-30,JPM,0.05919114738572192
1019,2022-11-30,QCOM,0.0
1020,2022-11-30,SHOP,0.008507984260946415
1021,2022-11-30,XYZ,0.0
1022,2022-11-30,INTC,0.0
1023,2022-11-30,MU,0.0
1024,2022-11-30,NIO,0.0
1025,2022-11-30,CRM,0.0
1026,2022-11-30,C,0.0
1027,2022-11-30,XOM,0.0395259581504152
1028,2022-11-30,AVGO,0.0
1029,2022-11-30,T,0.0
1030,2022-11-30,WFC,0.0
1031,2022-11-30,CVX,0.013298824839537489
1032,2022-11-30,TSM,0.0
1033,2022-11-30,COIN,0.0
1034,2022-11-30,CSCO,0.0
1035,2022-11-30,WMT,0.07040786910260223
1036,2022-11-30,UBER,0.0
1037,2022-11-30,SNOW,0.0
1038,2022-11-30,VZ,0.0
1039,2022-11-30,AFRM,0.0
1040,2022-11-30,INTU,0.0
1041,2022-11-30,MRK,0.1
1042,2022-11-30,CMCSA,0.0
1043,2022-11-30,MS,0.0
1044,2022-11-30,KO,0.0
1045,2022-11-30,NKE,0.0
1046,2022-11-30,LRCX,0.0
1047,2022-11-30,NOW,0.0
1048,2022-11-30,ZM,0.0
1049,2022-11-30,DOCU,0.0
1050,2022-12-30,TSLA,0.0
1051,2022-12-30,AAPL,0.0
1052,2022-12-30,NVDA,0.0
1053,2022-12-30,AMZN,0.0
1054,2022-12-30,MSFT,0.0
1055,2022-12-30,AMD,0.0
1056,2022-12-30,META,0.0
1057,2022-12-30,GOOGL,0.0
1058,2022-12-30,GOOG,0.0
1059,2022-12-30,BABA,0.0
1060,2022-12-30,PYPL,0.0
1061,2022-12-30,NFLX,0.0
1062,2022-12-30,RIVN,0.0
1063,2022-12-30,PFE,0.0343629072268526
1064,2022-12-30,F,0.0
1065,2022-12-30,BAC,0.0
1066,2022-12-30,RBLX,0.0
1067,2022-12-30,DIS,0.0
1068,2022-12-30,JPM,0.08061411660013991
1069,2022-12-30,QCOM,0.0
1070,2022-12-30,SHOP,0.0
1071,2022-12-30,XYZ,0.0
1072,2022-12-30,INTC,0.0
1073,2022-12-30,MU,0.0
1074,2022-12-30,NIO,0.0
1075,2022-12-30,CRM,0.0
1076,2022-12-30,C,0.0
1077,2022-12-30,XOM,0.07259106794405333
1078,2022-12-30,AVGO,0.0
1079,2022-12-30,T,0.06968567920061161
1080,2022-12-30,WFC,0.0
1081,2022-12-30,CVX,0.03986865908549275
1082,2022-12-30,TSM,0.0
1083,2022-12-30,COIN,0.0
1084,2022-12-30,CSCO,0.0028937938217053864
1085,2022-12-30,WMT,0.0
1086,2022-12-30,UBER,0.0
1087,2022-12-30,SNOW,0.0
1088,2022-12-30,VZ,0.0
1089,2022-12-30,AFRM,0.0
1090,2022-12-30,INTU,0.0
1091,2022-12-30,MRK,0.1
1092,2022-12-30,CMCSA,0.0
1093,2022-12-30,MS,0.0
1094,2022-12-30,KO,0.02244067806859198
1095,2022-12-30,NKE,0.07710032482426259
1096,2022-12-30,LRCX,0.0
1097,2022-12-30,NOW,0.0
1098,2022-12-30,ZM,0.0
1099,2022-12-30,DOCU,0.0
1100,2023-01-31,TSLA,0.0
1101,2023-01-31,AAPL,0.0
1102,2023-01-31,AMZN,0.0
1103,2023-01-31,NVDA,0.0
1104,2023-01-31,MSFT,0.0
1105,2023-01-31,AMD,0.0
1106,2023-01-31,META,0.06343435210298917
1107,2023-01-31,GOOGL,0.0
1108,2023-01-31,NFLX,0.0
1109,2023-01-31,GOOG,0.0
1110,2023-01-31,BABA,0.07538279932765148
1111,2023-01-31,XOM,0.0
1112,2023-01-31,CVX,0.0
1113,2023-01-31,DIS,0.0
1114,2023-01-31,CRM,0.0
1115,2023-01-31,JPM,0.0
1116,2023-01-31,BAC,0.0
1117,2023-01-31,AVGO,0.0
1118,2023-01-31,TSM,0.08803702447314773
1119,2023-01-31,PYPL,0.0
1120,2023-01-31,INTC,0.0
1121,2023-01-31,PFE,0.0
1122,2023-01-31,QCOM,0.0
1123,2023-01-31,MRK,0.05228932791287186
1124,2023-01-31,VZ,0.05245836599341448
1125,2023-01-31,WMT,0.0
1126,2023-01-31,NKE,0.013404987085203253
1127,2023-01-31,MU,0.0
1128,2023-01-31,CSCO,0.0
1129,2023-01-31,C,0.0
1130,2023-01-31,SHOP,0.0
1131,2023-01-31,XYZ,0.0
1132,2023-01-31,OXY,0.0
1133,2023-01-31,CMCSA,0.0242862626672036
1134,2023-01-31,WFC,0.0
1135,2023-01-31,PEP,0.0
1136,2023-01-31,SNOW,0.0
1137,2023-01-31,KO,0.0
1138,2023-01-31,COIN,0.0
1139,2023-01-31,T,0.025050673127242164
1140,2023-01-31,CVS,0.0
1141,2023-01-31,INTU,0.0
1142,2023-01-31,LRCX,0.0
1143,2023-01-31,F,0.0
1144,2023-01-31,SBUX,0.03041197751526597
1145,2023-01-31,BMY,0.0
1146,2023-01-31,NOW,0.0
1147,2023-01-31,MS,0.013713266134830789
1148,2023-01-31,NIO,0.0
1149,2023-01-31,SCHW,0.0
1150,2023-02-28,TSLA,0.0
1151,2023-02-28,AAPL,0.0
1152,2023-02-28,AMZN,0.0
1153,2023-02-28,NVDA,0.05345051296534821
1154,2023-02-28,MSFT,0.0
1155,2023-02-28,AMD,0.0
1156,2023-02-28,META,0.09551647519034619
1157,2023-02-28,GOOGL,0.0
1158,2023-02-28,NFLX,0.0
1159,2023-02-28,GOOG,0.0
1160,2023-02-28,BABA,0.019388594427633944
1161,2023-02-28,XOM,0.0
1162,2023-02-28,CVX,0.0
1163,2023-02-28,DIS,0.0
1164,2023-02-28,CRM,0.0
1165,2023-02-28,JPM,0.00880349429063448
1166,2023-02-28,BAC,0.0
1167,2023-02-28,AVGO,0.0
1168,2023-02-28,TSM,0.0
1169,2023-02-28,PYPL,0.0
1170,2023-02-28,INTC,0.0
1171,2023-02-28,PFE,0.0
1172,2023-02-28,QCOM,0.0
1173,2023-02-28,MRK,0.011462770574333639
1174,2023-02-28,VZ,0.0
1175,2023-02-28,WMT,0.0
1176,2023-02-28,NKE,0.008022948949406469
1177,2023-02-28,MU,0.0
1178,2023-02-28,CSCO,0.0
1179,2023-02-28,C,0.0
1180,2023-02-28,SHOP,0.0
1181,2023-02-28,XYZ,0.0
1182,2023-02-28,OXY,0.0
1183,2023-02-28,CMCSA,0.0
1184,2023-02-28,WFC,0.0
1185,2023-02-28,PEP,0.0
1186,2023-02-28,SNOW,0.0
1187,2023-02-28,KO,0.0
1188,2023-02-28,COIN,0.0
1189,2023-02-28,T,0.0
1190,2023-02-28,CVS,0.0
1191,2023-02-28,INTU,0.0
1192,2023-02-28,LRCX,0.0
1193,2023-02-28,F,0.0
1194,2023-02-28,SBUX,0.0
1195,2023-02-28,BMY,0.0
1196,2023-02-28,NOW,0.0
1197,2023-02-28,MS,0.0
1198,2023-02-28,NIO,0.0
1199,2023-02-28,SCHW,0.0
1200,2023-03-31,TSLA,0.041383274601076526
1201,2023-03-31,AAPL,0.04585950829936318
1202,2023-03-31,AMZN,0.0
1203,2023-03-31,NVDA,0.1
1204,2023-03-31,MSFT,0.0
1205,2023-03-31,AMD,0.0
1206,2023-03-31,META,0.09131271092467833
1207,2023-03-31,GOOGL,0.0
1208,2023-03-31,NFLX,0.0
1209,2023-03-31,GOOG,0.0
1210,2023-03-31,BABA,0.0
1211,2023-03-31,XOM,0.0
1212,2023-03-31,CVX,0.0
1213,2023-03-31,DIS,0.0
1214,2023-03-31,CRM,0.1
1215,2023-03-31,JPM,0.0
1216,2023-03-31,BAC,0.0
1217,2023-03-31,AVGO,0.0
1218,2023-03-31,TSM,0.0
1219,2023-03-31,PYPL,0.0
1220,2023-03-31,INTC,0.0
1221,2023-03-31,PFE,0.0
1222,2023-03-31,QCOM,0.0
1223,2023-03-31,MRK,0.009129426833161978
1224,2023-03-31,VZ,0.0
1225,2023-03-31,WMT,0.009343405449820747
1226,2023-03-31,NKE,0.0
1227,2023-03-31,MU,0.0
1228,2023-03-31,CSCO,0.008152216733338113
1229,2023-03-31,C,0.0
1230,2023-03-31,SHOP,0.0
1231,2023-03-31,XYZ,0.0
1232,2023-03-31,OXY,0.0
1233,2023-03-31,CMCSA,0.0
1234,2023-03-31,WFC,0.0
1235,2023-03-31,PEP,0.0
1236,2023-03-31,SNOW,0.0
1237,2023-03-31,KO,0.0
1238,2023-03-31,COIN,0.0
1239,2023-03-31,T,0.03040000480405819
1240,2023-03-31,CVS,0.0
1241,2023-03-31,INTU,0.0
1242,2023-03-31,LRCX,0.0
1243,2023-03-31,F,0.0
1244,2023-03-31,SBUX,0.0
1245,2023-03-31,BMY,0.0
1246,2023-03-31,NOW,0.0
1247,2023-03-31,MS,0.0
1248,2023-03-31,NIO,0.0
1249,2023-03-31,SCHW,0.0
1250,2023-04-28,TSLA,0.0
1251,2023-04-28,AAPL,0.01814707078174893
1252,2023-04-28,AMZN,0.0
1253,2023-04-28,NVDA,0.0685230636974734
1254,2023-04-28,MSFT,0.03452610277568403
1255,2023-04-28,AMD,0.0
1256,2023-04-28,META,0.08594703904503333
1257,2023-04-28,GOOGL,0.0
1258,2023-04-28,NFLX,0.0
1259,2023-04-28,GOOG,0.0
1260,2023-04-28,BABA,0.0
1261,2023-04-28,XOM,0.009751813649254235
1262,2023-04-28,CVX,0.0
1263,2023-04-28,DIS,0.0
1264,2023-04-28,CRM,0.03658260994280282
1265,2023-04-28,JPM,0.0
1266,2023-04-28,BAC,0.0
1267,2023-04-28,AVGO,0.0
1268,2023-04-28,TSM,0.0
1269,2023-04-28,PYPL,0.0
1270,2023-04-28,INTC,0.0
1271,2023-04-28,PFE,0.0
1272,2023-04-28,QCOM,0.0
1273,2023-04-28,MRK,0.09246586484710544
1274,2023-04-28,VZ,0.0
1275,2023-04-28,WMT,0.042464166757577436
1276,2023-04-28,NKE,0.0
1277,2023-04-28,MU,0.0
1278,2023-04-28,CSCO,0.0
1279,2023-04-28,C,0.0
1280,2023-04-28,SHOP,0.0
1281,2023-04-28,XYZ,0.0
1282,2023-04-28,OXY,0.0
1283,2023-04-28,CMCSA,0.0
1284,2023-04-28,WFC,0.0
1285,2023-04-28,PEP,0.1
1286,2023-04-28,SNOW,0.0
1287,2023-04-28,KO,0.053200800187841256
1288,2023-04-28,COIN,0.0
1289,2023-04-28,T,0.0
1290,2023-04-28,CVS,0.0
1291,2023-04-28,INTU,0.0
1292,2023-04-28,LRCX,0.0
1293,2023-04-28,F,0.0
1294,2023-04-28,SBUX,0.0
1295,2023-04-28,BMY,0.0
1296,2023-04-28,NOW,0.0
1297,2023-04-28,MS,0.0
1298,2023-04-28,NIO,0.0
1299,2023-04-28,SCHW,0.0
1300,2023-05-31,TSLA,0.0
1301,2023-05-31,AAPL,0.012257603923053908
1302,2023-05-31,AMZN,0.03302946431040279
1303,2023-05-31,NVDA,0.07953503881971911
1304,2023-05-31,MSFT,0.051383264906909164
1305,2023-05-31,AMD,0.010056953397554745
1306,2023-05-31,META,0.07119788392884985
1307,2023-05-31,GOOGL,0.0619072446218656
1308,2023-05-31,NFLX,0.0
1309,2023-05-31,GOOG,0.06151511056615301
1310,2023-05-31,BABA,0.0
1311,2023-05-31,XOM,0.0
1312,2023-05-31,CVX,0.0
1313,2023-05-31,DIS,0.0
1314,2023-05-31,CRM,0.053214276869158555
1315,2023-05-31,JPM,0.0
1316,2023-05-31,BAC,0.0
1317,2023-05-31,AVGO,0.04922477152857616
1318,2023-05-31,TSM,0.0
1319,2023-05-31,PYPL,0.0
1320,2023-05-31,INTC,0.04608870852790112
1321,2023-05-31,PFE,0.0
1322,2023-05-31,QCOM,0.0
1323,2023-05-31,MRK,0.06566808772293849
1324,2023-05-31,VZ,0.0
1325,2023-05-31,WMT,0.04606609722249446
1326,2023-05-31,NKE,0.0
1327,2023-05-31,MU,0.0
1328,2023-05-31,CSCO,0.0
1329,2023-05-31,C,0.0
1330,2023-05-31,SHOP,0.033866455910702586
1331,2023-05-31,XYZ,0.0
1332,2023-05-31,OXY,0.0
1333,2023-05-31,CMCSA,0.0
1334,2023-05-31,WFC,0.0
1335,2023-05-31,PEP,0.08550348359794291
1336,2023-05-31,SNOW,0.004539386541284245
1337,2023-05-31,KO,0.0
1338,2023-05-31,COIN,0.0
1339,2023-05-31,T,0.0
1340,2023-05-31,CVS,0.0
1341,2023-05-31,INTU,0.0
1342,2023-05-31,LRCX,0.0
1343,2023-05-31,F,0.0
1344,2023-05-31,SBUX,0.0
1345,2023-05-31,BMY,0.0
1346,2023-05-31,NOW,0.0
1347,2023-05-31,MS,0.0
1348,2023-05-31,NIO,0.0
1349,2023-05-31,SCHW,0.0
1350,2023-06-30,TSLA,0.0
1351,2023-06-30,AAPL,0.029713273216936478
1352,2023-06-30,AMZN,0.05165084546099952
1353,2023-06-30,NVDA,0.0683825503748398
1354,2023-06-30,MSFT,0.0
1355,2023-06-30,AMD,0.0
1356,2023-06-30,META,0.08132035721792691
1357,2023-06-30,GOOGL,0.009235811448242265
1358,2023-06-30,NFLX,0.04939043142384825
1359,2023-06-30,GOOG,0.01454693070526308
1360,2023-06-30,BABA,0.0
1361,2023-06-30,XOM,0.0
1362,2023-06-30,CVX,0.0
1363,2023-06-30,DIS,0.0
1364,2023-06-30,CRM,0.0
1365,2023-06-30,JPM,0.03702853595983549
1366,2023-06-30,BAC,0.0
1367,2023-06-30,AVGO,0.06874034496919916
1368,2023-06-30,TSM,0.0
1369,2023-06-30,PYPL,0.0
1370,2023-06-30,INTC,0.0
1371,2023-06-30,PFE,0.0
1372,2023-06-30,QCOM,0.0
1373,2023-06-30,MRK,0.1
1374,2023-06-30,VZ,0.0
1375,2023-06-30,WMT,0.04537201302203476
1376,2023-06-30,NKE,0.0
1377,2023-06-30,MU,0.0
1378,2023-06-30,CSCO,0.0
1379,2023-06-30,C,0.0
1380,2023-06-30,SHOP,0.0532446580343886
1381,2023-06-30,XYZ,0.0
1382,2023-06-30,OXY,0.0
1383,2023-06-30,CMCSA,0.0
1384,2023-06-30,WFC,0.05125616397446346
1385,2023-06-30,PEP,0.02923253468975052
1386,2023-06-30,SNOW,0.022253305209556234
1387,2023-06-30,KO,0.0
1388,2023-06-30,COIN,0.0
1389,2023-06-30,T,0.0
1390,2023-06-30,CVS,0.0
1391,2023-06-30,INTU,0.0
1392,2023-06-30,LRCX,0.0
1393,2023-06-30,F,0.058903168191680046
1394,2023-06-30,SBUX,0.0
1395,2023-06-30,BMY,0.0
1396,2023-06-30,NOW,0.0009367947596397719
1397,2023-06-30,MS,0.0
1398,2023-06-30,NIO,0.0
1399,2023-06-30,SCHW,0.0
1400,2023-07-31,TSLA,0.056648373698921554
1401,2023-07-31,AAPL,0.012910048762802138
1402,2023-07-31,AMZN,0.07231195386658619
1403,2023-07-31,NVDA,0.07443059326813822
1404,2023-07-31,MSFT,0.0
1405,2023-07-31,AMD,0.0
1406,2023-07-31,META,0.04994755792520847
1407,2023-07-31,GOOGL,0.022256691305437795
1408,2023-07-31,NFLX,0.006657445188470001
1409,2023-07-31,GOOG,0.012855827310967535
1410,2023-07-31,BABA,0.0
1411,2023-07-31,XOM,0.0
1412,2023-07-31,CVX,0.0
1413,2023-07-31,DIS,0.0
1414,2023-07-31,CRM,0.0
1415,2023-07-31,JPM,0.039925153417616495
1416,2023-07-31,BAC,0.0
1417,2023-07-31,AVGO,0.07047845609736139
1418,2023-07-31,TSM,0.0
1419,2023-07-31,PYPL,0.0
1420,2023-07-31,INTC,0.0
1421,2023-07-31,PFE,0.0
1422,2023-07-31,QCOM,0.0
1423,2023-07-31,MRK,0.0
1424,2023-07-31,VZ,0.0
1425,2023-07-31,WMT,0.05960448158516761
1426,2023-07-31,NKE,0.0
1427,2023-07-31,MU,0.0
1428,2023-07-31,CSCO,0.0
1429,2023-07-31,C,0.0
1430,2023-07-31,SHOP,0.00963182904363909
1431,2023-07-31,XYZ,0.028475229881547454
1432,2023-07-31,OXY,0.0
1433,2023-07-31,CMCSA,0.03130986358412891
1434,2023-07-31,WFC,0.0
1435,2023-07-31,PEP,0.0
1436,2023-07-31,SNOW,0.0
1437,2023-07-31,KO,0.0
1438,2023-07-31,COIN,0.03850248747395431
1439,2023-07-31,T,0.0
1440,2023-07-31,CVS,0.0
1441,2023-07-31,INTU,0.0
1442,2023-07-31,LRCX,0.020267166649258095
1443,2023-07-31,F,0.0
1444,2023-07-31,SBUX,0.0
1445,2023-07-31,BMY,0.0
1446,2023-07-31,NOW,0.0
1447,2023-07-31,MS,0.0
1448,2023-07-31,NIO,0.08625775688206462
1449,2023-07-31,SCHW,0.06609642558116016
1450,2023-08-31,TSLA,0.020250883767596574
1451,2023-08-31,AAPL,0.0
1452,2023-08-31,AMZN,0.021117483441979428
1453,2023-08-31,NVDA,0.05470914282447543
1454,2023-08-31,MSFT,0.0
1455,2023-08-31,AMD,0.0
1456,2023-08-31,META,0.0
1457,2023-08-31,GOOGL,0.00203942250780294
1458,2023-08-31,NFLX,0.0
1459,2023-08-31,GOOG,0.004384726008468838
1460,2023-08-31,BABA,0.0
1461,2023-08-31,XOM,0.04725087621008716
1462,2023-08-31,CVX,0.026144034049596955
1463,2023-08-31,DIS,0.0
1464,2023-08-31,CRM,0.0
1465,2023-08-31,JPM,0.013382777318419688
1466,2023-08-31,BAC,0.0
1467,2023-08-31,AVGO,0.007619968768253451
1468,2023-08-31,TSM,0.0
1469,2023-08-31,PYPL,0.0
1470,2023-08-31,INTC,0.0
1471,2023-08-31,PFE,0.0
1472,2023-08-31,QCOM,0.0
1473,2023-08-31,MRK,0.0
1474,2023-08-31,VZ,0.0
1475,2023-08-31,WMT,0.1
1476,2023-08-31,NKE,0.0
1477,2023-08-31,MU,0.0
1478,2023-08-31,CSCO,0.1
1479,2023-08-31,C,0.0
1480,2023-08-31,SHOP,0.0
1481,2023-08-31,XYZ,0.0
1482,2023-08-31,OXY,0.029583985241142974
1483,2023-08-31,CMCSA,0.1
1484,2023-08-31,WFC,0.0
1485,2023-08-31,PEP,0.0
1486,2023-08-31,SNOW,0.0
1487,2023-08-31,KO,0.0
1488,2023-08-31,COIN,0.014856126627923462
1489,2023-08-31,T,0.0
1490,2023-08-31,CVS,0.0
1491,2023-08-31,INTU,0.1
1492,2023-08-31,LRCX,0.0
1493,2023-08-31,F,0.0
1494,2023-08-31,SBUX,0.0
1495,2023-08-31,BMY,0.0
1496,2023-08-31,NOW,0.0
1497,2023-08-31,MS,0.0
1498,2023-08-31,NIO,0.021280898747851704
1499,2023-08-31,SCHW,0.026560388157817794
1500,2023-09-29,TSLA,0.0
1501,2023-09-29,AAPL,0.0
1502,2023-09-29,AMZN,0.0
1503,2023-09-29,NVDA,0.0
1504,2023-09-29,MSFT,0.0
1505,2023-09-29,AMD,0.0
1506,2023-09-29,META,0.0
1507,2023-09-29,GOOGL,0.03916856866542704
1508,2023-09-29,NFLX,0.0
1509,2023-09-29,GOOG,0.033630344644333426
1510,2023-09-29,BABA,0.0
1511,2023-09-29,XOM,0.05333612329302324
1512,2023-09-29,CVX,0.04209571931791811
1513,2023-09-29,DIS,0.0
1514,2023-09-29,CRM,0.0
1515,2023-09-29,JPM,0.0
1516,2023-09-29,BAC,0.0
1517,2023-09-29,AVGO,0.0
1518,2023-09-29,TSM,0.0
1519,2023-09-29,PYPL,0.0
1520,2023-09-29,INTC,0.0
1521,2023-09-29,PFE,0.0
1522,2023-09-29,QCOM,0.0
1523,2023-09-29,MRK,0.0
1524,2023-09-29,VZ,0.0
1525,2023-09-29,WMT,0.009887367969723972
1526,2023-09-29,NKE,0.0
1527,2023-09-29,MU,0.015265365476740468
1528,2023-09-29,CSCO,0.016375362646976234
1529,2023-09-29,C,0.0
1530,2023-09-29,SHOP,0.0
1531,2023-09-29,XYZ,0.0
1532,2023-09-29,OXY,0.04131242971104176
1533,2023-09-29,CMCSA,0.061040620172582105
1534,2023-09-29,WFC,0.0
1535,2023-09-29,PEP,0.0
1536,2023-09-29,SNOW,0.0
1537,2023-09-29,KO,0.0
1538,2023-09-29,COIN,0.0
1539,2023-09-29,T,0.0
1540,2023-09-29,CVS,0.027684525114816304
1541,2023-09-29,INTU,0.06763626818688426
1542,2023-09-29,LRCX,0.0
1543,2023-09-29,F,0.0
1544,2023-09-29,SBUX,0.0
1545,2023-09-29,BMY,0.0
1546,2023-09-29,NOW,0.0
1547,2023-09-29,MS,0.0
1548,2023-09-29,NIO,0.0
1549,2023-09-29,SCHW,0.0
1550,2023-10-31,TSLA,0.0
1551,2023-10-31,AAPL,0.0
1552,2023-10-31,AMZN,0.006756010253619697
1553,2023-10-31,NVDA,0.0
1554,2023-10-31,MSFT,0.02976489014475857
1555,2023-10-31,AMD,0.0
1556,2023-10-31,META,0.0
1557,2023-10-31,GOOGL,0.0
1558,2023-10-31,NFLX,0.0
1559,2023-10-31,GOOG,0.0
1560,2023-10-31,BABA,0.0
1561,2023-10-31,XOM,0.014017581558854986
1562,2023-10-31,CVX,0.0
1563,2023-10-31,DIS,0.0
1564,2023-10-31,CRM,0.0
1565,2023-10-31,JPM,0.0
1566,2023-10-31,BAC,0.0
1567,2023-10-31,AVGO,0.0
1568,2023-10-31,TSM,0.0
1569,2023-10-31,PYPL,0.0
1570,2023-10-31,INTC,0.032923577605735416
1571,2023-10-31,PFE,0.0
1572,2023-10-31,QCOM,0.0
1573,2023-10-31,MRK,0.0
1574,2023-10-31,VZ,0.03813197653434631
1575,2023-10-31,WMT,0.02425027261683878
1576,2023-10-31,NKE,0.0
1577,2023-10-31,MU,0.0
1578,2023-10-31,CSCO,0.0
1579,2023-10-31,C,0.0
1580,2023-10-31,SHOP,0.0
1581,2023-10-31,XYZ,0.0
1582,2023-10-31,OXY,0.003180029460692508
1583,2023-10-31,CMCSA,0.0
1584,2023-10-31,WFC,0.0
1585,2023-10-31,PEP,0.0
1586,2023-10-31,SNOW,0.0
1587,2023-10-31,KO,0.0
1588,2023-10-31,COIN,0.0
1589,2023-10-31,T,0.05959407514216153
1590,2023-10-31,CVS,0.0
1591,2023-10-31,INTU,0.0
1592,2023-10-31,LRCX,0.0
1593,2023-10-31,F,0.0
1594,2023-10-31,SBUX,0.0
1595,2023-10-31,BMY,0.0
1596,2023-10-31,NOW,0.0
1597,2023-10-31,MS,0.0
1598,2023-10-31,NIO,0.0
1599,2023-10-31,SCHW,0.0
1600,2023-11-30,TSLA,0.0
1601,2023-11-30,AAPL,0.0
1602,2023-11-30,AMZN,0.0
1603,2023-11-30,NVDA,0.0
1604,2023-11-30,MSFT,0.08605109662873382
1605,2023-11-30,AMD,0.0
1606,2023-11-30,META,0.0
1607,2023-11-30,GOOGL,0.0
1608,2023-11-30,NFLX,0.0
1609,2023-11-30,GOOG,0.0
1610,2023-11-30,BABA,0.0
1611,2023-11-30,XOM,0.0
1612,2023-11-30,CVX,0.0
1613,2023-11-30,DIS,0.006348449870763329
1614,2023-11-30,CRM,0.012814392261052668
1615,2023-11-30,JPM,0.008503799308201871
1616,2023-11-30,BAC,0.0
1617,2023-11-30,AVGO,0.0
1618,2023-11-30,TSM,0.0
1619,2023-11-30,PYPL,0.0
1620,2023-11-30,INTC,0.09072734682407614
1621,2023-11-30,PFE,0.0
1622,2023-11-30,QCOM,0.005408110568866032
1623,2023-11-30,MRK,0.0
1624,2023-11-30,VZ,0.01814753874715161
1625,2023-11-30,WMT,0.0
1626,2023-11-30,NKE,0.0
1627,2023-11-30,MU,0.007353694502289348
1628,2023-11-30,CSCO,0.0
1629,2023-11-30,C,0.03541141277849494
1630,2023-11-30,SHOP,0.0
1631,2023-11-30,XYZ,0.0
1632,2023-11-30,OXY,0.0
1633,2023-11-30,CMCSA,0.0
1634,2023-11-30,WFC,0.0072254954788131265
1635,2023-11-30,PEP,0.0
1636,2023-11-30,SNOW,0.003378806724167297
1637,2023-11-30,KO,0.0
1638,2023-11-30,COIN,0.1
1639,2023-11-30,T,0.06056529291686623
1640,2023-11-30,CVS,0.012984192600411499
1641,2023-11-30,INTU,0.0
1642,2023-11-30,LRCX,0.0
1643,2023-11-30,F,0.0
1644,2023-11-30,SBUX,0.0
1645,2023-11-30,BMY,0.0
1646,2023-11-30,NOW,0.029433778970225134
1647,2023-11-30,MS,0.0
1648,2023-11-30,NIO,0.0
1649,2023-11-30,SCHW,0.0
1650,2023-12-29,TSLA,0.0
1651,2023-12-29,AAPL,0.0
1652,2023-12-29,AMZN,0.0
1653,2023-12-29,NVDA,0.0
1654,2023-12-29,MSFT,0.1
1655,2023-12-29,AMD,0.016094759921517814
1656,2023-12-29,META,0.0
1657,2023-12-29,GOOGL,0.0
1658,2023-12-29,NFLX,0.05650813322969966
1659,2023-12-29,GOOG,0.0
1660,2023-12-29,BABA,0.0
1661,2023-12-29,XOM,0.0
1662,2023-12-29,CVX,0.0
1663,2023-12-29,DIS,0.0
1664,2023-12-29,CRM,0.05407112171301818
1665,2023-12-29,JPM,0.05646882807328766
1666,2023-12-29,BAC,0.0
1667,2023-12-29,AVGO,0.08066937835738765
1668,2023-12-29,TSM,0.0
1669,2023-12-29,PYPL,0.0
1670,2023-12-29,INTC,0.1
1671,2023-12-29,PFE,0.0
1672,2023-12-29,QCOM,0.023536713989679867
1673,2023-12-29,MRK,0.06669989486013952
1674,2023-12-29,VZ,0.049361104942558964
1675,2023-12-29,WMT,0.0
1676,2023-12-29,NKE,0.0
1677,2023-12-29,MU,0.0
1678,2023-12-29,CSCO,0.0
1679,2023-12-29,C,0.05185729088865845
1680,2023-12-29,SHOP,0.0
1681,2023-12-29,XYZ,0.08177227659459142
1682,2023-12-29,OXY,0.0
1683,2023-12-29,CMCSA,0.0
1684,2023-12-29,WFC,0.026456317027305987
1685,2023-12-29,PEP,0.0
1686,2023-12-29,SNOW,0.0
1687,2023-12-29,KO,0.0
1688,2023-12-29,COIN,0.1
1689,2023-12-29,T,0.0
1690,2023-12-29,CVS,0.04241503810559639
1691,2023-12-29,INTU,0.0
1692,2023-12-29,LRCX,0.0
1693,2023-12-29,F,0.0
1694,2023-12-29,SBUX,0.0
1695,2023-12-29,BMY,0.0
1696,2023-12-29,NOW,0.035896773153978274
1697,2023-12-29,MS,0.0
1698,2023-12-29,NIO,0.0
1699,2023-12-29,SCHW,0.0
1700,2024-01-31,TSLA,0.0
1701,2024-01-31,NVDA,0.030316485214229916
1702,2024-01-31,AAPL,0.0
1703,2024-01-31,AMD,0.09569037479328102
1704,2024-01-31,MSFT,0.0
1705,2024-01-31,AMZN,0.0
1706,2024-01-31,META,0.0
1707,2024-01-31,GOOGL,0.0
1708,2024-01-31,AVGO,0.016541520326846568
1709,2024-01-31,GOOG,0.0
1710,2024-01-31,NFLX,0.0922957638535749
1711,2024-01-31,XOM,0.0
1712,2024-01-31,INTC,0.0
1713,2024-01-31,UBER,0.1
1714,2024-01-31,COIN,0.01918257170680599
1715,2024-01-31,SMCI,0.041727262694316314
1716,2024-01-31,BABA,0.0
1717,2024-01-31,CVX,0.0
1718,2024-01-31,JPM,0.0812772876645757
1719,2024-01-31,CRM,0.06996098130259741
1720,2024-01-31,BAC,0.0
1721,2024-01-31,MARA,0.023460996618244887
1722,2024-01-31,PFE,0.0
1723,2024-01-31,WMT,0.0
1724,2024-01-31,QCOM,0.007339283071897481
1725,2024-01-31,DIS,0.0
1726,2024-01-31,MU,0.0
1727,2024-01-31,TSM,0.0
1728,2024-01-31,PYPL,0.0
1729,2024-01-31,PLTR,0.0
1730,2024-01-31,ORCL,0.0
1731,2024-01-31,CSCO,0.0
1732,2024-01-31,NKE,0.0
1733,2024-01-31,SNOW,0.0
1734,2024-01-31,C,0.1
1735,2024-01-31,MRK,0.1
1736,2024-01-31,PEP,0.0
1737,2024-01-31,SBUX,0.0
1738,2024-01-31,KO,0.0
1739,2024-01-31,NOW,0.07057588419490932
1740,2024-01-31,VZ,0.1
1741,2024-01-31,WFC,0.0
1742,2024-01-31,CMCSA,0.0
1743,2024-01-31,SHOP,0.0
1744,2024-01-31,INTU,0.0
1745,2024-01-31,BMY,0.0
1746,2024-01-31,LRCX,0.0
1747,2024-01-31,XYZ,0.010335720055518808
1748,2024-01-31,AFRM,0.03355124393405721
1749,2024-01-31,CVS,0.007744624569856136
1750,2024-02-29,TSLA,0.0
1751,2024-02-29,NVDA,0.06480665839966952
1752,2024-02-29,AAPL,0.0
1753,2024-02-29,AMD,0.024908776643881782
1754,2024-02-29,MSFT,0.0
1755,2024-02-29,AMZN,0.0
1756,2024-02-29,META,0.04827907754492427
1757,2024-02-29,GOOGL,0.0
1758,2024-02-29,AVGO,0.040651929342078355
1759,2024-02-29,GOOG,0.0
1760,2024-02-29,NFLX,0.030928544500964435
1761,2024-02-29,XOM,0.0
1762,2024-02-29,INTC,0.0
1763,2024-02-29,UBER,0.04019147944734762
1764,2024-02-29,COIN,0.0
1765,2024-02-29,SMCI,0.023247169049668028
1766,2024-02-29,BABA,0.0
1767,2024-02-29,CVX,0.0
1768,2024-02-29,JPM,0.09660232751414181
1769,2024-02-29,CRM,0.07691301869364649
1770,2024-02-29,BAC,0.0
1771,2024-02-29,MARA,0.028586930982255246
1772,2024-02-29,PFE,0.0
1773,2024-02-29,WMT,0.05628265480183885
1774,2024-02-29,QCOM,0.04215985092835685
1775,2024-02-29,DIS,0.0437421719307557
1776,2024-02-29,MU,0.0
1777,2024-02-29,TSM,0.024177679879011038
1778,2024-02-29,PYPL,0.0
1779,2024-02-29,PLTR,0.0
1780,2024-02-29,ORCL,0.0
1781,2024-02-29,CSCO,0.0
1782,2024-02-29,NKE,0.0
1783,2024-02-29,SNOW,0.0
1784,2024-02-29,C,0.08590936206577851
1785,2024-02-29,MRK,0.1
1786,2024-02-29,PEP,0.0
1787,2024-02-29,SBUX,0.0
1788,2024-02-29,KO,0.0
1789,2024-02-29,NOW,0.0
1790,2024-02-29,VZ,0.060331160892329816
1791,2024-02-29,WFC,0.059601160728917295
1792,2024-02-29,CMCSA,0.0
1793,2024-02-29,SHOP,0.0
1794,2024-02-29,INTU,0.0
1795,2024-02-29,BMY,0.0
1796,2024-02-29,LRCX,0.0
1797,2024-02-29,XYZ,0.0
1798,2024-02-29,AFRM,0.0
1799,2024-02-29,CVS,0.05268004665512522
1800,2024-03-28,TSLA,0.0
1801,2024-03-28,NVDA,0.1
1802,2024-03-28,AAPL,0.0
1803,2024-03-28,AMD,0.0
1804,2024-03-28,MSFT,0.0
1805,2024-03-28,AMZN,0.0
1806,2024-03-28,META,0.030820544808945294
1807,2024-03-28,GOOGL,0.0
1808,2024-03-28,AVGO,0.0
1809,2024-03-28,GOOG,0.0
1810,2024-03-28,NFLX,0.0643616904156082
1811,2024-03-28,XOM,0.09683024590781554
1812,2024-03-28,INTC,0.0
1813,2024-03-28,UBER,0.0
1814,2024-03-28,COIN,0.01103791858451658
1815,2024-03-28,SMCI,0.044018747486047935
1816,2024-03-28,BABA,0.0
1817,2024-03-28,CVX,0.0
1818,2024-03-28,JPM,0.08264427870603687
1819,2024-03-28,CRM,0.0
1820,2024-03-28,BAC,0.0
1821,2024-03-28,MARA,0.0
1822,2024-03-28,PFE,0.0
1823,2024-03-28,WMT,0.1
1824,2024-03-28,QCOM,0.0
1825,2024-03-28,DIS,0.1
1826,2024-03-28,MU,0.022505023639979728
1827,2024-03-28,TSM,0.008609345462838891
1828,2024-03-28,PYPL,0.0
1829,2024-03-28,PLTR,0.005462375582216402
1830,2024-03-28,ORCL,0.0
1831,2024-03-28,CSCO,0.0
1832,2024-03-28,NKE,0.0
1833,2024-03-28,SNOW,0.0
1834,2024-03-28,C,0.08706595626134118
1835,2024-03-28,MRK,0.1
1836,2024-03-28,PEP,0.0
1837,2024-03-28,SBUX,0.0
1838,2024-03-28,KO,0.009217694852260275
1839,2024-03-28,NOW,0.0
1840,2024-03-28,VZ,0.08764042382504801
1841,2024-03-28,WFC,0.00905757221937851
1842,2024-03-28,CMCSA,0.0
1843,2024-03-28,SHOP,0.0
1844,2024-03-28,INTU,0.0
1845,2024-03-28,BMY,0.017901613817616024
1846,2024-03-28,LRCX,0.0
1847,2024-03-28,XYZ,0.0
1848,2024-03-28,AFRM,0.0
1849,2024-03-28,CVS,0.02282656843032781
1850,2024-04-30,TSLA,0.0
1851,2024-04-30,NVDA,0.049804680010669435
1852,2024-04-30,AAPL,0.0
1853,2024-04-30,AMD,0.0
1854,2024-04-30,MSFT,0.0
1855,2024-04-30,AMZN,0.0
1856,2024-04-30,META,0.0
1857,2024-04-30,GOOGL,0.003587505898337697
1858,2024-04-30,AVGO,0.0
1859,2024-04-30,GOOG,0.010808919585181135
1860,2024-04-30,NFLX,0.0
1861,2024-04-30,XOM,0.1
1862,2024-04-30,INTC,0.0
1863,2024-04-30,UBER,0.0
1864,2024-04-30,COIN,0.027745960199985136
1865,2024-04-30,SMCI,0.013195724550589805
1866,2024-04-30,BABA,0.0
1867,2024-04-30,CVX,0.043308120894186085
1868,2024-04-30,JPM,0.010837759000460393
1869,2024-04-30,CRM,0.0
1870,2024-04-30,BAC,0.0
1871,2024-04-30,MARA,0.0
1872,2024-04-30,PFE,0.0
1873,2024-04-30,WMT,0.07040308114950518
1874,2024-04-30,QCOM,0.006858480457642768
1875,2024-04-30,DIS,0.06023362527742166
1876,2024-04-30,MU,0.05099438805593486
1877,2024-04-30,TSM,0.0
1878,2024-04-30,PYPL,0.012183788539306788
1879,2024-04-30,PLTR,0.01789685991214612
1880,2024-04-30,ORCL,0.0
1881,2024-04-30,CSCO,0.0
1882,2024-04-30,NKE,0.0
1883,2024-04-30,SNOW,0.0
1884,2024-04-30,C,0.0
1885,2024-04-30,MRK,0.04205709407643169
1886,2024-04-30,PEP,0.04072345419652839
1887,2024-04-30,SBUX,0.0
1888,2024-04-30,KO,0.043883172485537164
1889,2024-04-30,NOW,0.0
1890,2024-04-30,VZ,0.0
1891,2024-04-30,WFC,0.1
1892,2024-04-30,CMCSA,0.0
1893,2024-04-30,SHOP,0.0
1894,2024-04-30,INTU,0.0
1895,2024-04-30,BMY,0.0
1896,2024-04-30,LRCX,0.0
1897,2024-04-30,XYZ,0.0
1898,2024-04-30,AFRM,0.0
1899,2024-04-30,CVS,0.0
1900,2024-05-31,TSLA,0.0
1901,2024-05-31,NVDA,0.08490388590700164
1902,2024-05-31,AAPL,0.019150994743543866
1903,2024-05-31,AMD,0.0
1904,2024-05-31,MSFT,0.0
1905,2024-05-31,AMZN,0.0
1906,2024-05-31,META,0.0
1907,2024-05-31,GOOGL,0.06842957942641167
1908,2024-05-31,AVGO,0.0
1909,2024-05-31,GOOG,0.07696426922361174
1910,2024-05-31,NFLX,0.0
1911,2024-05-31,XOM,0.1
1912,2024-05-31,INTC,0.0
1913,2024-05-31,UBER,0.0
1914,2024-05-31,COIN,0.0
1915,2024-05-31,SMCI,0.0
1916,2024-05-31,BABA,0.0
1917,2024-05-31,CVX,0.02673353693254562
1918,2024-05-31,JPM,0.014945784507140712
1919,2024-05-31,CRM,0.0
1920,2024-05-31,BAC,0.07850811454021914
1921,2024-05-31,MARA,0.0
1922,2024-05-31,PFE,0.05924188267550328
1923,2024-05-31,WMT,0.1
1924,2024-05-31,QCOM,0.03837858235271087
1925,2024-05-31,DIS,0.0
1926,2024-05-31,MU,0.05226520559526658
1927,2024-05-31,TSM,0.0
1928,2024-05-31,PYPL,0.0
1929,2024-05-31,PLTR,0.0
1930,2024-05-31,ORCL,0.0
1931,2024-05-31,CSCO,0.0
1932,2024-05-31,NKE,0.0
1933,2024-05-31,SNOW,0.0
1934,2024-05-31,C,0.004281554627466119
1935,2024-05-31,MRK,0.0
1936,2024-05-31,PEP,0.03816591139099076
1937,2024-05-31,SBUX,0.0
1938,2024-05-31,KO,0.050589388263094066
1939,2024-05-31,NOW,0.0
1940,2024-05-31,VZ,0.03106580960690523
1941,2024-05-31,WFC,0.07934485327938617
1942,2024-05-31,CMCSA,0.0
1943,2024-05-31,SHOP,0.0
1944,2024-05-31,INTU,0.0
1945,2024-05-31,BMY,0.0
1946,2024-05-31,LRCX,0.0
1947,2024-05-31,XYZ,0.0
1948,2024-05-31,AFRM,0.0
1949,2024-05-31,CVS,0.0
1950,2024-06-28,TSLA,0.018415660891188658
1951,2024-06-28,NVDA,0.07430383599035795
1952,2024-06-28,AAPL,0.1
1953,2024-06-28,AMD,0.0
1954,2024-06-28,MSFT,0.0
1955,2024-06-28,AMZN,0.0
1956,2024-06-28,META,0.0
1957,2024-06-28,GOOGL,0.06591558480420427
1958,2024-06-28,AVGO,0.0
1959,2024-06-28,GOOG,0.06804909217131908
1960,2024-06-28,NFLX,0.0
1961,2024-06-28,XOM,0.02476544053279905
1962,2024-06-28,INTC,0.0
1963,2024-06-28,UBER,0.0
1964,2024-06-28,COIN,0.0
1965,2024-06-28,SMCI,0.0
1966,2024-06-28,BABA,0.0
1967,2024-06-28,CVX,0.0
1968,2024-06-28,JPM,0.0
1969,2024-06-28,CRM,0.0
1970,2024-06-28,BAC,0.02480721236140696
1971,2024-06-28,MARA,0.0
1972,2024-06-28,PFE,0.02704655285333212
1973,2024-06-28,WMT,0.1
1974,2024-06-28,QCOM,0.0
1975,2024-06-28,DIS,0.0
1976,2024-06-28,MU,0.0
1977,2024-06-28,TSM,0.09018532062807985
1978,2024-06-28,PYPL,0.0
1979,2024-06-28,PLTR,0.0
1980,2024-06-28,ORCL,0.0
1981,2024-06-28,CSCO,0.0
1982,2024-06-28,NKE,0.0
1983,2024-06-28,SNOW,0.0
1984,2024-06-28,C,0.0
1985,2024-06-28,MRK,0.0
1986,2024-06-28,PEP,0.0
1987,2024-06-28,SBUX,0.0
1988,2024-06-28,KO,0.06148870084029208
1989,2024-06-28,NOW,0.0
1990,2024-06-28,VZ,0.01980692597120329
1991,2024-06-28,WFC,0.055230569020537176
1992,2024-06-28,CMCSA,0.0
1993,2024-06-28,SHOP,0.0
1994,2024-06-28,INTU,0.0
1995,2024-06-28,BMY,0.0
1996,2024-06-28,LRCX,0.0
1997,2024-06-28,XYZ,0.0
1998,2024-06-28,AFRM,0.0
1999,2024-06-28,CVS,0.0
2000,2024-07-31,TSLA,0.026255750029427777
2001,2024-07-31,NVDA,0.09185984366520188
2002,2024-07-31,AAPL,0.1
2003,2024-07-31,AMD,0.0
2004,2024-07-31,MSFT,0.0
2005,2024-07-31,AMZN,0.0
2006,2024-07-31,META,0.0
2007,2024-07-31,GOOGL,0.0
2008,2024-07-31,AVGO,0.008891749703790405
2009,2024-07-31,GOOG,0.0
2010,2024-07-31,NFLX,0.057962263259364
2011,2024-07-31,XOM,0.0
2012,2024-07-31,INTC,0.0
2013,2024-07-31,UBER,0.0
2014,2024-07-31,COIN,0.0
2015,2024-07-31,SMCI,0.0
2016,2024-07-31,BABA,0.0
2017,2024-07-31,CVX,0.0
2018,2024-07-31,JPM,0.08440089226457961
2019,2024-07-31,CRM,0.0
2020,2024-07-31,BAC,0.02036910953951054
2021,2024-07-31,MARA,0.0
2022,2024-07-31,PFE,0.1
2023,2024-07-31,WMT,0.1
2024,2024-07-31,QCOM,0.0
2025,2024-07-31,DIS,0.0
2026,2024-07-31,MU,0.0
2027,2024-07-31,TSM,0.0
2028,2024-07-31,PYPL,0.0
2029,2024-07-31,PLTR,0.008355550110595073
2030,2024-07-31,ORCL,0.0800616046076936
2031,2024-07-31,CSCO,0.015776940539006155
2032,2024-07-31,NKE,0.0
2033,2024-07-31,SNOW,0.0
2034,2024-07-31,C,0.0
2035,2024-07-31,MRK,0.0
2036,2024-07-31,PEP,0.0
2037,2024-07-31,SBUX,0.0
2038,2024-07-31,KO,0.09287401156380781
2039,2024-07-31,NOW,0.03079544484499492
2040,2024-07-31,VZ,0.0399573974584586
2041,2024-07-31,WFC,0.0
2042,2024-07-31,CMCSA,0.0707267818637959
2043,2024-07-31,SHOP,0.0
2044,2024-07-31,INTU,0.0
2045,2024-07-31,BMY,0.07171266054941337
2046,2024-07-31,LRCX,0.0
2047,2024-07-31,XYZ,0.0
2048,2024-07-31,AFRM,0.0
2049,2024-07-31,CVS,0.0
2050,2024-08-30,TSLA,0.0
2051,2024-08-30,NVDA,0.0
2052,2024-08-30,AAPL,0.07269512159670091
2053,2024-08-30,AMD,0.0
2054,2024-08-30,MSFT,0.0
2055,2024-08-30,AMZN,0.0
2056,2024-08-30,META,0.0
2057,2024-08-30,GOOGL,0.0
2058,2024-08-30,AVGO,0.011453578587680084
2059,2024-08-30,GOOG,0.0
2060,2024-08-30,NFLX,0.0
2061,2024-08-30,XOM,0.0
2062,2024-08-30,INTC,0.0
2063,2024-08-30,UBER,0.0
2064,2024-08-30,COIN,0.0
2065,2024-08-30,SMCI,0.0
2066,2024-08-30,BABA,0.019462458686767107
2067,2024-08-30,CVX,0.0
2068,2024-08-30,JPM,0.05166587456320705
2069,2024-08-30,CRM,0.0
2070,2024-08-30,BAC,0.0
2071,2024-08-30,MARA,0.0
2072,2024-08-30,PFE,0.0
2073,2024-08-30,WMT,0.1
2074,2024-08-30,QCOM,0.0
2075,2024-08-30,DIS,0.0
2076,2024-08-30,MU,0.0
2077,2024-08-30,TSM,0.0
2078,2024-08-30,PYPL,0.025949748078815036
2079,2024-08-30,PLTR,0.06740954294316552
2080,2024-08-30,ORCL,0.05222764137485811
2081,2024-08-30,CSCO,0.0
2082,2024-08-30,NKE,0.0
2083,2024-08-30,SNOW,0.0
2084,2024-08-30,C,0.0
2085,2024-08-30,MRK,0.0
2086,2024-08-30,PEP,0.0
2087,2024-08-30,SBUX,0.016371433231563634
2088,2024-08-30,KO,0.1
2089,2024-08-30,NOW,0.09053677533426921
2090,2024-08-30,VZ,0.013184259768824353
2091,2024-08-30,WFC,0.0
2092,2024-08-30,CMCSA,0.0
2093,2024-08-30,SHOP,0.015553393979244165
2094,2024-08-30,INTU,0.0
2095,2024-08-30,BMY,0.1
2096,2024-08-30,LRCX,0.0
2097,2024-08-30,XYZ,0.0
2098,2024-08-30,AFRM,0.013757563111893054
2099,2024-08-30,CVS,0.0
2100,2024-09-30,TSLA,0.0
2101,2024-09-30,NVDA,0.0
2102,2024-09-30,AAPL,0.0
2103,2024-09-30,AMD,0.0
2104,2024-09-30,MSFT,0.0
2105,2024-09-30,AMZN,0.0
2106,2024-09-30,META,0.0
2107,2024-09-30,GOOGL,0.0
2108,2024-09-30,AVGO,0.0
2109,2024-09-30,GOOG,0.0
2110,2024-09-30,NFLX,0.0
2111,2024-09-30,XOM,0.0016714362284155663
2112,2024-09-30,INTC,0.0
2113,2024-09-30,UBER,0.0
2114,2024-09-30,COIN,0.0
2115,2024-09-30,SMCI,0.0
2116,2024-09-30,BABA,0.1
2117,2024-09-30,CVX,0.0
2118,2024-09-30,JPM,0.0
2119,2024-09-30,CRM,0.0
2120,2024-09-30,BAC,0.0
2121,2024-09-30,MARA,0.0
2122,2024-09-30,PFE,0.0
2123,2024-09-30,WMT,0.1
2124,2024-09-30,QCOM,0.0
2125,2024-09-30,DIS,0.0
2126,2024-09-30,MU,0.0
2127,2024-09-30,TSM,0.0
2128,2024-09-30,PYPL,0.1
2129,2024-09-30,PLTR,0.08132151793997877
2130,2024-09-30,ORCL,0.0445397833935888
2131,2024-09-30,CSCO,0.0
2132,2024-09-30,NKE,0.0016260308321131068
2133,2024-09-30,SNOW,0.0
2134,2024-09-30,C,0.0
2135,2024-09-30,MRK,0.0
2136,2024-09-30,PEP,0.051418116717372155
2137,2024-09-30,SBUX,0.03559545095277035
2138,2024-09-30,KO,0.1
2139,2024-09-30,NOW,0.0012275768976494983
2140,2024-09-30,VZ,0.027592276073155644
2141,2024-09-30,WFC,0.0
2142,2024-09-30,CMCSA,0.0
2143,2024-09-30,SHOP,0.0
2144,2024-09-30,INTU,0.0
2145,2024-09-30,BMY,0.1
2146,2024-09-30,LRCX,0.0
2147,2024-09-30,XYZ,0.0
2148,2024-09-30,AFRM,0.013361106323061206
2149,2024-09-30,CVS,0.0
2150,2024-10-31,TSLA,0.0
2151,2024-10-31,NVDA,0.0
2152,2024-10-31,AAPL,0.0
2153,2024-10-31,AMD,0.0
2154,2024-10-31,MSFT,0.0
2155,2024-10-31,AMZN,0.0
2156,2024-10-31,META,0.0
2157,2024-10-31,GOOGL,0.0
2158,2024-10-31,AVGO,0.0
2159,2024-10-31,GOOG,0.0
2160,2024-10-31,NFLX,0.025894964361690094
2161,2024-10-31,XOM,0.0
2162,2024-10-31,INTC,0.0
2163,2024-10-31,UBER,0.0
2164,2024-10-31,COIN,0.0
2165,2024-10-31,SMCI,0.0
2166,2024-10-31,BABA,0.07057656887486796
2167,2024-10-31,CVX,0.0
2168,2024-10-31,JPM,0.0
2169,2024-10-31,CRM,0.027747789765239186
2170,2024-10-31,BAC,0.0
2171,2024-10-31,MARA,0.0
2172,2024-10-31,PFE,0.0
2173,2024-10-31,WMT,0.1
2174,2024-10-31,QCOM,0.0
2175,2024-10-31,DIS,0.0
2176,2024-10-31,MU,0.0
2177,2024-10-31,TSM,0.013446802152168138
2178,2024-10-31,PYPL,0.030547031530221137
2179,2024-10-31,PLTR,0.1
2180,2024-10-31,ORCL,0.07093750356742919
2181,2024-10-31,CSCO,0.0
2182,2024-10-31,NKE,0.0
2183,2024-10-31,SNOW,0.0
2184,2024-10-31,C,0.0
2185,2024-10-31,MRK,0.0
2186,2024-10-31,PEP,0.0
2187,2024-10-31,SBUX,0.035288921354345734
2188,2024-10-31,KO,0.0
2189,2024-10-31,NOW,0.0
2190,2024-10-31,VZ,0.0
2191,2024-10-31,WFC,0.06932621618935872
2192,2024-10-31,CMCSA,0.029224392105483405
2193,2024-10-31,SHOP,0.041424158739922015
2194,2024-10-31,INTU,0.0
2195,2024-10-31,BMY,0.09155397027873256
2196,2024-10-31,LRCX,0.0
2197,2024-10-31,XYZ,0.0
2198,2024-10-31,AFRM,0.03321244189045968
2199,2024-10-31,CVS,0.0
2200,2024-11-29,TSLA,0.027151956959568714
2201,2024-11-29,NVDA,0.0
2202,2024-11-29,AAPL,0.0
2203,2024-11-29,AMD,0.0
2204,2024-11-29,MSFT,0.0
2205,2024-11-29,AMZN,0.0
2206,2024-11-29,META,0.0
2207,2024-11-29,GOOGL,0.0
2208,2024-11-29,AVGO,0.0
2209,2024-11-29,GOOG,0.0
2210,2024-11-29,NFLX,0.04904838738780725
2211,2024-11-29,XOM,0.0
2212,2024-11-29,INTC,0.0
2213,2024-11-29,UBER,0.0
2214,2024-11-29,COIN,0.0
2215,2024-11-29,SMCI,0.0
2216,2024-11-29,BABA,0.045743347793290895
2217,2024-11-29,CVX,0.059418484842377065
2218,2024-11-29,JPM,0.0
2219,2024-11-29,CRM,0.05633779487606982
2220,2024-11-29,BAC,0.0
2221,2024-11-29,MARA,0.0
2222,2024-11-29,PFE,0.0
2223,2024-11-29,WMT,0.1
2224,2024-11-29,QCOM,0.0
2225,2024-11-29,DIS,0.1
2226,2024-11-29,MU,0.0
2227,2024-11-29,TSM,0.0011496007298347983
2228,2024-11-29,PYPL,0.0
2229,2024-11-29,PLTR,0.1
2230,2024-11-29,ORCL,0.07908065245419661
2231,2024-11-29,CSCO,0.05290661195583845
2232,2024-11-29,NKE,0.0
2233,2024-11-29,SNOW,0.04392081730980235
2234,2024-11-29,C,0.0
2235,2024-11-29,MRK,0.0
2236,2024-11-29,PEP,0.0
2237,2024-11-29,SBUX,0.024470846001102293
2238,2024-11-29,KO,0.0
2239,2024-11-29,NOW,0.0
2240,2024-11-29,VZ,0.04459435283244173
2241,2024-11-29,WFC,0.026217482047228544
2242,2024-11-29,CMCSA,0.009365477969582849
2243,2024-11-29,SHOP,0.08059418684052896
2244,2024-11-29,INTU,0.0
2245,2024-11-29,BMY,0.1
2246,2024-11-29,LRCX,0.0
2247,2024-11-29,XYZ,0.0
2248,2024-11-29,AFRM,0.0
2249,2024-11-29,CVS,0.0
2250,2024-12-31,TSLA,0.01738941288304034
2251,2024-12-31,NVDA,0.0
2252,2024-12-31,AAPL,0.04256307930515655
2253,2024-12-31,AMD,0.0
2254,2024-12-31,MSFT,0.0
2255,2024-12-31,AMZN,0.0
2256,2024-12-31,META,0.0
2257,2024-12-31,GOOGL,0.035148651364713776
2258,2024-12-31,AVGO,0.019901944284119906
2259,2024-12-31,GOOG,0.026990545894669843
2260,2024-12-31,NFLX,0.05861050431528186
2261,2024-12-31,XOM,0.0
2262,2024-12-31,INTC,0.0
2263,2024-12-31,UBER,0.0
2264,2024-12-31,COIN,0.0
2265,2024-12-31,SMCI,0.0
2266,2024-12-31,BABA,0.0
2267,2024-12-31,CVX,0.0
2268,2024-12-31,JPM,0.0
2269,2024-12-31,CRM,0.015911281746383128
2270,2024-12-31,BAC,0.0
2271,2024-12-31,MARA,0.0
2272,2024-12-31,PFE,0.0
2273,2024-12-31,WMT,0.03724820421273226
2274,2024-12-31,QCOM,0.0
2275,2024-12-31,DIS,0.1
2276,2024-12-31,MU,0.0
2277,2024-12-31,TSM,0.05822727031249924
2278,2024-12-31,PYPL,0.0
2279,2024-12-31,PLTR,0.1
2280,2024-12-31,ORCL,0.0
2281,2024-12-31,CSCO,0.037547990207041235
2282,2024-12-31,NKE,0.0
2283,2024-12-31,SNOW,0.037265238704438985
2284,2024-12-31,C,0.0
2285,2024-12-31,MRK,0.0
2286,2024-12-31,PEP,0.0
2287,2024-12-31,SBUX,0.0
2288,2024-12-31,KO,0.0
2289,2024-12-31,NOW,0.002837749830144865
2290,2024-12-31,VZ,0.0
2291,2024-12-31,WFC,0.040971567071224305
2292,2024-12-31,CMCSA,0.0
2293,2024-12-31,SHOP,0.02638733517702058
2294,2024-12-31,INTU,0.0
2295,2024-12-31,BMY,0.05613548274121164
2296,2024-12-31,LRCX,0.0
2297,2024-12-31,XYZ,0.0
2298,2024-12-31,AFRM,0.0
2299,2024-12-31,CVS,0.0
2300,2025-01-31,TSLA,0.01964363579474407
2301,2025-01-31,NVDA,0.0
2302,2025-01-31,AAPL,0.0
2303,2025-01-31,MSTR,0.0
2304,2025-01-31,MSFT,0.0
2305,2025-01-31,META,0.0
2306,2025-01-31,AMZN,0.02136600280914086
2307,2025-01-31,AVGO,0.0
2308,2025-01-31,PLTR,0.052805427949561876
2309,2025-01-31,GOOGL,0.017394559545372733
2310,2025-01-31,AMD,0.0
2311,2025-01-31,COIN,0.0
2312,2025-01-31,GOOG,0.012263122833182398
2313,2025-01-31,NFLX,0.1
2314,2025-01-31,TSM,0.0
2315,2025-01-31,SMCI,0.0
2316,2025-01-31,JPM,0.0
2317,2025-01-31,MU,0.0
2318,2025-01-31,CRM,0.0
2319,2025-01-31,ORCL,0.0
2320,2025-01-31,XOM,0.0
2321,2025-01-31,UBER,0.0
2322,2025-01-31,INTC,0.0
2323,2025-01-31,BAC,0.0
2324,2025-01-31,WMT,0.1
2325,2025-01-31,MRVL,0.013062685407042203
2326,2025-01-31,BABA,0.0
2327,2025-01-31,NOW,0.0
2328,2025-01-31,RGTI,0.034705166747313984
2329,2025-01-31,QCOM,0.0
2330,2025-01-31,CVX,0.055562418298560796
2331,2025-01-31,MARA,0.0
2332,2025-01-31,WFC,0.0
2333,2025-01-31,MRK,0.00013059822346202988
2334,2025-01-31,CSCO,0.0
2335,2025-01-31,PFE,0.0
2336,2025-01-31,SNOW,0.05131511449869224
2337,2025-01-31,INTU,0.0
2338,2025-01-31,KO,0.02584594239441404
2339,2025-01-31,IONQ,0.0
2340,2025-01-31,C,0.02662594492967555
2341,2025-01-31,SOUN,0.0
2342,2025-01-31,DELL,0.0
2343,2025-01-31,DIS,0.1
2344,2025-01-31,PEP,0.0
2345,2025-01-31,APO,0.0
2346,2025-01-31,HOOD,0.01680061122145303
2347,2025-01-31,NKE,0.0
2348,2025-01-31,LRCX,0.0
2349,2025-01-31,WDAY,0.0
2350,2025-02-28,TSLA,0.0
2351,2025-02-28,NVDA,0.0
2352,2025-02-28,AAPL,0.0
2353,2025-02-28,MSTR,0.0
2354,2025-02-28,MSFT,0.0
2355,2025-02-28,META,0.06573767424981018
2356,2025-02-28,AMZN,0.0
2357,2025-02-28,AVGO,0.0066769898531332745
2358,2025-02-28,PLTR,0.006193891876006228
2359,2025-02-28,GOOGL,0.0
2360,2025-02-28,AMD,0.0
2361,2025-02-28,COIN,0.0
2362,2025-02-28,GOOG,0.0
2363,2025-02-28,NFLX,0.02642382301458475
2364,2025-02-28,TSM,0.0
2365,2025-02-28,SMCI,0.0
2366,2025-02-28,JPM,0.010524950337442203
2367,2025-02-28,MU,0.0
2368,2025-02-28,CRM,0.0
2369,2025-02-28,ORCL,0.0
2370,2025-02-28,XOM,0.0
2371,2025-02-28,UBER,0.0
2372,2025-02-28,INTC,0.0
2373,2025-02-28,BAC,0.0
2374,2025-02-28,WMT,0.07483647721768244
2375,2025-02-28,MRVL,0.0
2376,2025-02-28,BABA,0.1
2377,2025-02-28,NOW,0.0
2378,2025-02-28,RGTI,0.02577783809753158
2379,2025-02-28,QCOM,0.0
2380,2025-02-28,CVX,0.009174613606080377
2381,2025-02-28,MARA,0.0
2382,2025-02-28,WFC,0.0
2383,2025-02-28,MRK,0.0037126458250464414
2384,2025-02-28,CSCO,0.05850315734465988
2385,2025-02-28,PFE,0.0012193153019779911
2386,2025-02-28,SNOW,0.0
2387,2025-02-28,INTU,0.0
2388,2025-02-28,KO,0.1
2389,2025-02-28,IONQ,0.0
2390,2025-02-28,C,0.041730833545119965
2391,2025-02-28,SOUN,0.0015772682091768145
2392,2025-02-28,DELL,0.0
2393,2025-02-28,DIS,0.0
2394,2025-02-28,PEP,0.0
2395,2025-02-28,APO,0.0
2396,2025-02-28,HOOD,0.0014575806149991725
2397,2025-02-28,NKE,0.007520174240546845
2398,2025-02-28,LRCX,0.0
2399,2025-02-28,WDAY,0.0
2400,2025-03-31,TSLA,0.0
2401,2025-03-31,NVDA,0.0
2402,2025-03-31,AAPL,0.0
2403,2025-03-31,MSTR,0.0
2404,2025-03-31,MSFT,0.0
2405,2025-03-31,META,0.0
2406,2025-03-31,AMZN,0.0
2407,2025-03-31,AVGO,0.0
2408,2025-03-31,PLTR,0.0
2409,2025-03-31,GOOGL,0.0
2410,2025-03-31,AMD,0.0
2411,2025-03-31,COIN,0.0
2412,2025-03-31,GOOG,0.0
2413,2025-03-31,NFLX,0.0
2414,2025-03-31,TSM,0.0
2415,2025-03-31,SMCI,0.0
2416,2025-03-31,JPM,0.0
2417,2025-03-31,MU,0.0
2418,2025-03-31,CRM,0.0
2419,2025-03-31,ORCL,0.0
2420,2025-03-31,XOM,0.0797980581502648
2421,2025-03-31,UBER,0.05226385080818514
2422,2025-03-31,INTC,0.0034356066738353546
2423,2025-03-31,BAC,0.0
2424,2025-03-31,WMT,0.0
2425,2025-03-31,MRVL,0.0
2426,2025-03-31,BABA,0.1
2427,2025-03-31,NOW,0.0
2428,2025-03-31,RGTI,0.0
2429,2025-03-31,QCOM,0.0
2430,2025-03-31,CVX,0.1
2431,2025-03-31,MARA,0.0
2432,2025-03-31,WFC,0.0
2433,2025-03-31,MRK,0.0
2434,2025-03-31,CSCO,0.0074307035381475945
2435,2025-03-31,PFE,0.0
2436,2025-03-31,SNOW,0.0
2437,2025-03-31,INTU,0.0
2438,2025-03-31,KO,0.1
2439,2025-03-31,IONQ,0.0
2440,2025-03-31,C,0.0
2441,2025-03-31,SOUN,0.0
2442,2025-03-31,DELL,0.0
2443,2025-03-31,DIS,0.0
2444,2025-03-31,PEP,0.0
2445,2025-03-31,APO,0.0
2446,2025-03-31,HOOD,0.0
2447,2025-03-31,NKE,0.0
2448,2025-03-31,LRCX,0.0
2449,2025-03-31,WDAY,0.0
2450,2025-04-30,TSLA,0.0
2451,2025-04-30,NVDA,0.0
2452,2025-04-30,AAPL,0.0
2453,2025-04-30,MSTR,0.0
2454,2025-04-30,MSFT,0.0
2455,2025-04-30,META,0.0
2456,2025-04-30,AMZN,0.0
2457,2025-04-30,AVGO,0.0
2458,2025-04-30,PLTR,0.041684002274635784
2459,2025-04-30,GOOGL,0.0
2460,2025-04-30,AMD,0.0
2461,2025-04-30,COIN,0.0
2462,2025-04-30,GOOG,0.0
2463,2025-04-30,NFLX,0.00678448768954398
2464,2025-04-30,TSM,0.0
2465,2025-04-30,SMCI,0.0
2466,2025-04-30,JPM,0.0
2467,2025-04-30,MU,0.0
2468,2025-04-30,CRM,0.0
2469,2025-04-30,ORCL,0.0
2470,2025-04-30,XOM,0.0
2471,2025-04-30,UBER,0.012077298444421064
2472,2025-04-30,INTC,0.0
2473,2025-04-30,BAC,0.0
2474,2025-04-30,WMT,0.0
2475,2025-04-30,MRVL,0.0
2476,2025-04-30,BABA,0.01795718665397755
2477,2025-04-30,NOW,0.0
2478,2025-04-30,RGTI,0.0
2479,2025-04-30,QCOM,0.0
2480,2025-04-30,CVX,0.0
2481,2025-04-30,MARA,0.0
2482,2025-04-30,WFC,0.0
2483,2025-04-30,MRK,0.0
2484,2025-04-30,CSCO,0.0
2485,2025-04-30,PFE,0.0
2486,2025-04-30,SNOW,0.0
2487,2025-04-30,INTU,0.0
2488,2025-04-30,KO,0.1
2489,2025-04-30,IONQ,0.0
2490,2025-04-30,C,0.0
2491,2025-04-30,SOUN,0.0
2492,2025-04-30,DELL,0.0
2493,2025-04-30,DIS,0.0
2494,2025-04-30,PEP,0.0
2495,2025-04-30,APO,0.0
2496,2025-04-30,HOOD,0.0
2497,2025-04-30,NKE,0.0
2498,2025-04-30,LRCX,0.0
2499,2025-04-30,WDAY,0.0
2500,2025-05-30,TSLA,0.0
2501,2025-05-30,NVDA,0.0
2502,2025-05-30,AAPL,0.0
2503,2025-05-30,MSTR,0.015209037056769202
2504,2025-05-30,MSFT,0.0
2505,2025-05-30,META,0.0
2506,2025-05-30,AMZN,0.0
2507,2025-05-30,AVGO,0.0
2508,2025-05-30,PLTR,0.03308702894921952
2509,2025-05-30,GOOGL,0.0
2510,2025-05-30,AMD,0.0
2511,2025-05-30,COIN,0.0
2512,2025-05-30,GOOG,0.0
2513,2025-05-30,NFLX,0.020065421282632955
2514,2025-05-30,TSM,0.0
2515,2025-05-30,SMCI,0.0
2516,2025-05-30,JPM,0.0
2517,2025-05-30,MU,0.0
2518,2025-05-30,CRM,0.0
2519,2025-05-30,ORCL,0.0
2520,2025-05-30,XOM,0.0
2521,2025-05-30,UBER,0.0
2522,2025-05-30,INTC,0.0
2523,2025-05-30,BAC,0.0
2524,2025-05-30,WMT,0.0
2525,2025-05-30,MRVL,0.0
2526,2025-05-30,BABA,0.0
2527,2025-05-30,NOW,0.0
2528,2025-05-30,RGTI,0.0004686194171777453
2529,2025-05-30,QCOM,0.0
2530,2025-05-30,CVX,0.0
2531,2025-05-30,MARA,0.0
2532,2025-05-30,WFC,0.0
2533,2025-05-30,MRK,0.0
2534,2025-05-30,CSCO,0.0
2535,2025-05-30,PFE,0.0
2536,2025-05-30,SNOW,0.0
2537,2025-05-30,INTU,0.028664209134056887
2538,2025-05-30,KO,0.019012694430949214
2539,2025-05-30,IONQ,0.0146639119226907
2540,2025-05-30,C,0.0
2541,2025-05-30,SOUN,0.0
2542,2025-05-30,DELL,0.0
2543,2025-05-30,DIS,0.0
2544,2025-05-30,PEP,0.0
2545,2025-05-30,APO,0.0
2546,2025-05-30,HOOD,0.0
2547,2025-05-30,NKE,0.0
2548,2025-05-30,LRCX,0.0
2549,2025-05-30,WDAY,0.0
2550,2025-06-30,TSLA,0.0
2551,2025-06-30,NVDA,0.0
2552,2025-06-30,AAPL,0.0
2553,2025-06-30,MSTR,0.0
2554,2025-06-30,MSFT,0.022218799962050104
2555,2025-06-30,META,0.0
2556,2025-06-30,AMZN,0.0
2557,2025-06-30,AVGO,0.0
2558,2025-06-30,PLTR,0.0
2559,2025-06-30,GOOGL,0.0
2560,2025-06-30,AMD,0.0
2561,2025-06-30,COIN,0.03391505831888799
2562,2025-06-30,GOOG,0.0
2563,2025-06-30,NFLX,0.1
2564,2025-06-30,TSM,0.0
2565,2025-06-30,SMCI,0.0
2566,2025-06-30,JPM,0.0
2567,2025-06-30,MU,0.0
2568,2025-06-30,CRM,0.0
2569,2025-06-30,ORCL,0.04722176339072578
2570,2025-06-30,XOM,0.0
2571,2025-06-30,UBER,0.0
2572,2025-06-30,INTC,0.0
2573,2025-06-30,BAC,0.0
2574,2025-06-30,WMT,0.0
2575,2025-06-30,MRVL,0.0
2576,2025-06-30,BABA,0.0
2577,2025-06-30,NOW,0.0
2578,2025-06-30,RGTI,0.0
2579,2025-06-30,QCOM,0.0
2580,2025-06-30,CVX,0.0
2581,2025-06-30,MARA,0.0
2582,2025-06-30,WFC,0.0
2583,2025-06-30,MRK,0.0
2584,2025-06-30,CSCO,0.0
2585,2025-06-30,PFE,0.0
2586,2025-06-30,SNOW,0.0
2587,2025-06-30,INTU,0.019174094083822115
2588,2025-06-30,KO,0.0
2589,2025-06-30,IONQ,0.002114780405473663
2590,2025-06-30,C,0.0
2591,2025-06-30,SOUN,0.0
2592,2025-06-30,DELL,0.0
2593,2025-06-30,DIS,0.0
2594,2025-06-30,PEP,0.0
2595,2025-06-30,APO,0.0
2596,2025-06-30,HOOD,0.05497945300156191
2597,2025-06-30,NKE,0.0
2598,2025-06-30,LRCX,0.0
2599,2025-06-30,WDAY,0.0
2600,2025-07-31,TSLA,0.0
2601,2025-07-31,NVDA,0.1
2602,2025-07-31,AAPL,0.0
2603,2025-07-31,MSTR,0.0
2604,2025-07-31,MSFT,0.1
2605,2025-07-31,META,0.04463238553130029
2606,2025-07-31,AMZN,0.0
2607,2025-07-31,AVGO,0.040517803759989
2608,2025-07-31,PLTR,0.0
2609,2025-07-31,GOOGL,0.041847230260040266
2610,2025-07-31,AMD,0.1
2611,2025-07-31,COIN,0.0
2612,2025-07-31,GOOG,0.030897675354133305
2613,2025-07-31,NFLX,0.0
2614,2025-07-31,TSM,0.0
2615,2025-07-31,SMCI,0.0
2616,2025-07-31,JPM,0.0
2617,2025-07-31,MU,0.0
2618,2025-07-31,CRM,0.0
2619,2025-07-31,ORCL,0.1
2620,2025-07-31,XOM,0.019478317511032794
2621,2025-07-31,UBER,0.0
2622,2025-07-31,INTC,0.0
2623,2025-07-31,BAC,0.0
2624,2025-07-31,WMT,0.0
2625,2025-07-31,MRVL,0.0
2626,2025-07-31,BABA,0.0
2627,2025-07-31,NOW,0.0
2628,2025-07-31,RGTI,0.0
2629,2025-07-31,QCOM,0.0
2630,2025-07-31,CVX,0.037819443198992865
2631,2025-07-31,MARA,0.0
2632,2025-07-31,WFC,0.0
2633,2025-07-31,MRK,0.0
2634,2025-07-31,CSCO,0.012731173846508423
2635,2025-07-31,PFE,0.0
2636,2025-07-31,SNOW,0.07568911694030962
2637,2025-07-31,INTU,0.1
2638,2025-07-31,KO,0.0
2639,2025-07-31,IONQ,0.0
2640,2025-07-31,C,0.04428882927348786
2641,2025-07-31,SOUN,0.0
2642,2025-07-31,DELL,0.01948856773411732
2643,2025-07-31,DIS,0.03202146993114698
2644,2025-07-31,PEP,0.0
2645,2025-07-31,APO,0.0
2646,2025-07-31,HOOD,0.1
2647,2025-07-31,NKE,0.0005879866588278072
2648,2025-07-31,LRCX,0.0
2649,2025-07-31,WDAY,0.0
2650,2025-08-29,TSLA,0.0
2651,2025-08-29,NVDA,0.027125972559123957
2652,2025-08-29,AAPL,0.012416246060558633
2653,2025-08-29,MSTR,0.0
2654,2025-08-29,MSFT,0.015917868111886384
2655,2025-08-29,META,0.006073032336451164
2656,2025-08-29,AMZN,0.0
2657,2025-08-29,AVGO,0.005311336780485508
2658,2025-08-29,PLTR,0.0
2659,2025-08-29,GOOGL,0.06834037364402315
2660,2025-08-29,AMD,0.06638250385984912
2661,2025-08-29,COIN,0.0
2662,2025-08-29,GOOG,0.061358841193324805
2663,2025-08-29,NFLX,0.0
2664,2025-08-29,TSM,0.0
2665,2025-08-29,SMCI,0.0
2666,2025-08-29,JPM,0.0
2667,2025-08-29,MU,0.0
2668,2025-08-29,CRM,0.0
2669,2025-08-29,ORCL,0.09213002974876541
2670,2025-08-29,XOM,0.09371838467121195
2671,2025-08-29,UBER,0.018268945083802873
2672,2025-08-29,INTC,0.03151965187527805
2673,2025-08-29,BAC,0.024884568919532616
2674,2025-08-29,WMT,0.0
2675,2025-08-29,MRVL,0.0
2676,2025-08-29,BABA,0.060008831743816875
2677,2025-08-29,NOW,0.0
2678,2025-08-29,RGTI,0.0
2679,2025-08-29,QCOM,0.0
2680,2025-08-29,CVX,0.1
2681,2025-08-29,MARA,0.0
2682,2025-08-29,WFC,0.0
2683,2025-08-29,MRK,0.014678521455759827
2684,2025-08-29,CSCO,0.0
2685,2025-08-29,PFE,0.016515010007510097
2686,2025-08-29,SNOW,0.019033864401561157
2687,2025-08-29,INTU,0.0
2688,2025-08-29,KO,0.0
2689,2025-08-29,IONQ,0.0
2690,2025-08-29,C,0.08160900147164023
2691,2025-08-29,SOUN,0.0
2692,2025-08-29,DELL,0.0
2693,2025-08-29,DIS,0.0
2694,2025-08-29,PEP,0.02765602219245525
2695,2025-08-29,APO,0.0
2696,2025-08-29,HOOD,0.0823569360798664
2697,2025-08-29,NKE,0.06363009095225576
2698,2025-08-29,LRCX,0.01106396685064838
2699,2025-08-29,WDAY,0.0
2700,2025-09-30,TSLA,0.048513515304011635
2701,2025-09-30,NVDA,0.002952674252350559
2702,2025-09-30,AAPL,0.0542589471897224
2703,2025-09-30,MSTR,0.0
2704,2025-09-30,MSFT,0.0
2705,2025-09-30,META,0.0
2706,2025-09-30,AMZN,0.0
2707,2025-09-30,AVGO,0.035820663148757176
2708,2025-09-30,PLTR,0.039142097745970966
2709,2025-09-30,GOOGL,0.1
2710,2025-09-30,AMD,0.0
2711,2025-09-30,COIN,0.0
2712,2025-09-30,GOOG,0.1
2713,2025-09-30,NFLX,0.0
2714,2025-09-30,TSM,0.0
2715,2025-09-30,SMCI,0.0
2716,2025-09-30,JPM,0.0
2717,2025-09-30,MU,0.008994058258465
2718,2025-09-30,CRM,0.0
2719,2025-09-30,ORCL,0.029072605647121955
2720,2025-09-30,XOM,0.045309827205618707
2721,2025-09-30,UBER,0.0
2722,2025-09-30,INTC,0.07707799790402908
2723,2025-09-30,BAC,0.0
2724,2025-09-30,WMT,0.053626055997598954
2725,2025-09-30,MRVL,0.0
2726,2025-09-30,BABA,0.1
2727,2025-09-30,NOW,0.0
2728,2025-09-30,RGTI,0.07127807727334
2729,2025-09-30,QCOM,0.0
2730,2025-09-30,CVX,0.05192810756692232
2731,2025-09-30,MARA,0.0
2732,2025-09-30,WFC,0.0
2733,2025-09-30,MRK,0.003307188956052899
2734,2025-09-30,CSCO,0.0
2735,2025-09-30,PFE,0.027492011085392773
2736,2025-09-30,SNOW,0.0
2737,2025-09-30,INTU,0.0
2738,2025-09-30,KO,0.0
2739,2025-09-30,IONQ,0.0
2740,2025-09-30,C,0.0
2741,2025-09-30,SOUN,0.0
2742,2025-09-30,DELL,0.0
2743,2025-09-30,DIS,0.0
2744,2025-09-30,PEP,0.006629348166203308
2745,2025-09-30,APO,0.0
2746,2025-09-30,HOOD,0.06402573150294842
2747,2025-09-30,NKE,0.0
2748,2025-09-30,LRCX,0.08057109279490544
2749,2025-09-30,WDAY,0.0
2750,2025-10-31,TSLA,0.04434229307774414
2751,2025-10-31,NVDA,0.0
2752,2025-10-31,AAPL,0.09568051006068572
2753,2025-10-31,MSTR,0.0
2754,2025-10-31,MSFT,0.0
2755,2025-10-31,META,0.0
2756,2025-10-31,AMZN,0.0
2757,2025-10-31,AVGO,0.0
2758,2025-10-31,PLTR,0.0
2759,2025-10-31,GOOGL,0.1
2760,2025-10-31,AMD,0.02311032160373071
2761,2025-10-31,COIN,0.0
2762,2025-10-31,GOOG,0.1
2763,2025-10-31,NFLX,0.0
2764,2025-10-31,TSM,0.0
2765,2025-10-31,SMCI,0.0
2766,2025-10-31,JPM,0.0
2767,2025-10-31,MU,0.1
2768,2025-10-31,CRM,0.0
2769,2025-10-31,ORCL,0.007973344640026515
2770,2025-10-31,XOM,0.03859404860031509
2771,2025-10-31,UBER,0.0
2772,2025-10-31,INTC,0.1
2773,2025-10-31,BAC,0.001456097660808807
2774,2025-10-31,WMT,0.007006084596053954
2775,2025-10-31,MRVL,0.0
2776,2025-10-31,BABA,0.04444579817330009
2777,2025-10-31,NOW,0.0
2778,2025-10-31,RGTI,0.058688207323766416
2779,2025-10-31,QCOM,0.0
2780,2025-10-31,CVX,0.005584844815603481
2781,2025-10-31,MARA,0.0
2782,2025-10-31,WFC,0.0
2783,2025-10-31,MRK,0.011703021995351502
2784,2025-10-31,CSCO,0.0
2785,2025-10-31,PFE,0.0
2786,2025-10-31,SNOW,0.016212262683443706
2787,2025-10-31,INTU,0.0
2788,2025-10-31,KO,0.09152649626813295
2789,2025-10-31,IONQ,0.0
2790,2025-10-31,C,0.0
2791,2025-10-31,SOUN,0.0
2792,2025-10-31,DELL,0.0
2793,2025-10-31,DIS,0.0
2794,2025-10-31,PEP,0.1
2795,2025-10-31,APO,0.0
2796,2025-10-31,HOOD,0.02550585731919567
2797,2025-10-31,NKE,0.0
2798,2025-10-31,LRCX,0.0
2799,2025-10-31,WDAY,0.028170811181593845
2800,2025-11-28,TSLA,0.0
2801,2025-11-28,NVDA,0.0
2802,2025-11-28,AAPL,0.09157106096795596
2803,2025-11-28,MSTR,0.0
2804,2025-11-28,MSFT,0.0
2805,2025-11-28,META,0.0
2806,2025-11-28,AMZN,0.0
2807,2025-11-28,AVGO,0.008426056471379976
2808,2025-11-28,PLTR,0.0
2809,2025-11-28,GOOGL,0.1
2810,2025-11-28,AMD,0.0013843661522623782
2811,2025-11-28,COIN,0.0
2812,2025-11-28,GOOG,0.1
2813,2025-11-28,NFLX,0.0
2814,2025-11-28,TSM,0.0
2815,2025-11-28,SMCI,0.0
2816,2025-11-28,JPM,0.0
2817,2025-11-28,MU,0.1
2818,2025-11-28,CRM,0.0
2819,2025-11-28,ORCL,0.0
2820,2025-11-28,XOM,0.05929051536411707
2821,2025-11-28,UBER,0.0
2822,2025-11-28,INTC,0.0645083802522114
2823,2025-11-28,BAC,0.0
2824,2025-11-28,WMT,0.1
2825,2025-11-28,MRVL,0.03513951778446329
2826,2025-11-28,BABA,0.0
2827,2025-11-28,NOW,0.0
2828,2025-11-28,RGTI,0.0010356068737839617
2829,2025-11-28,QCOM,0.0
2830,2025-11-28,CVX,0.0
2831,2025-11-28,MARA,0.0
2832,2025-11-28,WFC,0.0
2833,2025-11-28,MRK,0.1
2834,2025-11-28,CSCO,0.050914327659954774
2835,2025-11-28,PFE,0.0
2836,2025-11-28,SNOW,0.0
2837,2025-11-28,INTU,0.0
2838,2025-11-28,KO,0.1
2839,2025-11-28,IONQ,0.0
2840,2025-11-28,C,0.0
2841,2025-11-28,SOUN,0.0
2842,2025-11-28,DELL,0.0
2843,2025-11-28,DIS,0.0
2844,2025-11-28,PEP,0.07083320785677283
2845,2025-11-28,APO,0.0
2846,2025-11-28,HOOD,0.0
2847,2025-11-28,NKE,0.0
2848,2025-11-28,LRCX,0.0
2849,2025-11-28,WDAY,0.0
2850,2025-12-31,TSLA,0.0
2851,2025-12-31,NVDA,0.0
2852,2025-12-31,AAPL,0.0
2853,2025-12-31,MSTR,0.0
2854,2025-12-31,MSFT,0.0
2855,2025-12-31,META,0.0
2856,2025-12-31,AMZN,0.0
2857,2025-12-31,AVGO,0.0
2858,2025-12-31,PLTR,0.0
2859,2025-12-31,GOOGL,0.06959946421717832
2860,2025-12-31,AMD,0.010043113490415957
2861,2025-12-31,COIN,0.0
2862,2025-12-31,GOOG,0.07347355232438928
2863,2025-12-31,NFLX,0.0
2864,2025-12-31,TSM,0.0
2865,2025-12-31,SMCI,0.0
2866,2025-12-31,JPM,0.0
2867,2025-12-31,MU,0.08096081907654959
2868,2025-12-31,CRM,0.04063049442043039
2869,2025-12-31,ORCL,0.0
2870,2025-12-31,XOM,0.07151450803793624
2871,2025-12-31,UBER,0.0
2872,2025-12-31,INTC,0.0
2873,2025-12-31,BAC,0.0
2874,2025-12-31,WMT,0.1
2875,2025-12-31,MRVL,0.0
2876,2025-12-31,BABA,0.0
2877,2025-12-31,NOW,0.0
2878,2025-12-31,RGTI,0.0
2879,2025-12-31,QCOM,0.0
2880,2025-12-31,CVX,0.0
2881,2025-12-31,MARA,0.0
2882,2025-12-31,WFC,0.04641943129481417
2883,2025-12-31,MRK,0.1
2884,2025-12-31,CSCO,0.05071023200111132
2885,2025-12-31,PFE,0.0
2886,2025-12-31,SNOW,0.0
2887,2025-12-31,INTU,0.0
2888,2025-12-31,KO,0.08431715335794746
2889,2025-12-31,IONQ,0.0
2890,2025-12-31,C,0.046341485714310224
2891,2025-12-31,SOUN,0.0
2892,2025-12-31,DELL,0.0
2893,2025-12-31,DIS,0.0
2894,2025-12-31,PEP,0.044341938177480535
2895,2025-12-31,APO,0.00043236887172483016
2896,2025-12-31,HOOD,0.0
2897,2025-12-31,NKE,0.0
2898,2025-12-31,LRCX,0.0
2899,2025-12-31,WDAY,0.0
2900,2026-01-30,NVDA,0.0
2901,2026-01-30,TSLA,0.0
2902,2026-01-30,MSFT,0.0
2903,2026-01-30,META,0.0
2904,2026-01-30,AAPL,0.0
2905,2026-01-30,GOOGL,0.06254873251711057
2906,2026-01-30,AVGO,0.0
2907,2026-01-30,AMZN,0.0
2908,2026-01-30,AMD,0.0
2909,2026-01-30,MU,0.06878024041383492
2910,2026-01-30,PLTR,0.0
2911,2026-01-30,GOOG,0.06802531791218809
2912,2026-01-30,ORCL,0.0
2913,2026-01-30,NFLX,0.0
2914,2026-01-30,SNDK,0.05438815649085886
2915,2026-01-30,INTC,0.0
2916,2026-01-30,TSM,0.0
2917,2026-01-30,MSTR,0.0
2918,2026-01-30,WMT,0.1
2919,2026-01-30,JPM,0.0
2920,2026-01-30,HOOD,0.0
2921,2026-01-30,CRWV,0.0
2922,2026-01-30,COIN,0.0
2923,2026-01-30,LRCX,0.003972229149471058
2924,2026-01-30,XOM,0.1
2925,2026-01-30,BAC,0.0
2926,2026-01-30,BABA,0.0
2927,2026-01-30,CRM,0.0
2928,2026-01-30,IREN,0.0
2929,2026-01-30,UBER,0.0
2930,2026-01-30,NOW,0.0
2931,2026-01-30,PFE,0.0
2932,2026-01-30,SOFI,0.0
2933,2026-01-30,CSCO,0.06425133702784977
2934,2026-01-30,RKLB,0.0
2935,2026-01-30,BE,0.0
2936,2026-01-30,CVX,0.09423826015853175
2937,2026-01-30,NBIS,0.0
2938,2026-01-30,QCOM,0.0
2939,2026-01-30,C,0.06660748304044464
2940,2026-01-30,MRVL,0.0
2941,2026-01-30,BMNR,0.0
2942,2026-01-30,MRK,0.1
2943,2026-01-30,WFC,0.0
2944,2026-01-30,INTU,0.0
2945,2026-01-30,SHOP,0.0
2946,2026-01-30,DIS,0.0
2947,2026-01-30,KO,0.1
2948,2026-01-30,ASTS,0.0
2949,2026-01-30,VZ,0.08406958368574449
